0.000198 0.001093 0.000964 0.989357 0.005592 0.002739 0.000057
0.000503 0.000055 0.000715 0.929187 0.058831 0.010189 0.000520
0.213460 0.005158 0.040026 0.572668 0.040331 0.124527 0.003830
0.000176 0.002945 0.007776 0.965900 0.009826 0.012436 0.000940
0.000008 0.000001 0.000013 0.999938 0.000013 0.000022 0.000006
0.018041 0.000101 0.000553 0.974210 0.000939 0.006145 0.000011
0.009942 0.002710 0.081252 0.783707 0.014030 0.105192 0.003167
0.011492 0.000042 0.062679 0.665779 0.240075 0.016090 0.003843
0.099958 0.000282 0.012789 0.617913 0.232576 0.029726 0.006755
0.007046 0.001610 0.047334 0.585305 0.290740 0.064269 0.003695
0.000818 0.000240 0.004688 0.992530 0.000182 0.001035 0.000507
0.003816 0.001807 0.001638 0.971476 0.005956 0.015133 0.000175
0.001390 0.000362 0.015789 0.847701 0.027807 0.001823 0.105129
0.002219 0.000050 0.063797 0.017405 0.000755 0.000482 0.915294
0.000004 0.000263 0.000049 0.999314 0.000137 0.000226 0.000006
0.018731 0.000283 0.033320 0.147905 0.772598 0.026786 0.000376
0.016675 0.000162 0.002807 0.947101 0.009641 0.019808 0.003807
0.038034 0.001603 0.005219 0.935448 0.000450 0.019181 0.000064
0.070350 0.006938 0.038947 0.068438 0.192684 0.616835 0.005808
0.000512 0.000981 0.002170 0.968302 0.021418 0.006131 0.000487
0.062291 0.000558 0.031770 0.576999 0.010256 0.204258 0.113868
0.000810 0.005655 0.000338 0.992471 0.000595 0.000126 0.000005
0.002659 0.000137 0.002041 0.981105 0.009310 0.004579 0.000169
0.001437 0.002987 0.000723 0.974698 0.013674 0.006332 0.000150
0.000376 0.000019 0.000165 0.998988 0.000052 0.000315 0.000084
0.000273 0.000066 0.000025 0.809117 0.163522 0.023746 0.003252
0.072775 0.006795 0.222981 0.078103 0.059154 0.555737 0.004457
0.000279 0.000023 0.000227 0.997081 0.000140 0.002227 0.000024
0.000055 0.000049 0.000054 0.998145 0.001320 0.000065 0.000312
0.015069 0.001434 0.002003 0.894968 0.003683 0.004517 0.078325
0.008410 0.005105 0.033783 0.902541 0.012917 0.007197 0.030046
0.003058 0.000891 0.010490 0.953005 0.007536 0.019324 0.005695
0.000203 0.000462 0.000751 0.994773 0.000631 0.003004 0.000176
0.001952 0.000359 0.328240 0.482858 0.124462 0.061549 0.000579
0.150486 0.001618 0.047173 0.395056 0.057215 0.348145 0.000307
0.000118 0.000641 0.000069 0.994633 0.001622 0.002883 0.000034
0.002889 0.001283 0.000104 0.974743 0.016212 0.004767 0.000002
0.000119 0.000358 0.005144 0.984838 0.001110 0.008071 0.000359
0.000229 0.000018 0.000170 0.998580 0.000581 0.000267 0.000155
0.021949 0.007945 0.103638 0.000073 0.671323 0.189892 0.005181
0.027394 0.002226 0.009554 0.855662 0.081402 0.017323 0.006440
0.023862 0.070540 0.020991 0.678983 0.057393 0.141599 0.006634
0.000005 0.000003 0.000002 0.999818 0.000048 0.000120 0.000005
0.478417 0.003498 0.011142 0.076552 0.269931 0.097395 0.063065
0.002552 0.001423 0.007651 0.978956 0.001654 0.007611 0.000153
0.613441 0.000194 0.086252 0.153874 0.004369 0.131858 0.010012
0.000921 0.000051 0.001584 0.979120 0.001316 0.016990 0.000019
0.001079 0.001634 0.003796 0.970357 0.021008 0.001993 0.000133
0.046972 0.022743 0.026329 0.326102 0.494229 0.080392 0.003233
0.007724 0.000750 0.004785 0.941851 0.001110 0.041208 0.002573
0.089116 0.001978 0.083870 0.624041 0.040499 0.126691 0.033805
0.000124 0.000183 0.000334 0.976688 0.020306 0.002306 0.000058
0.080155 0.000442 0.005835 0.861838 0.014720 0.036927 0.000082
0.003904 0.016350 0.000274 0.966782 0.006319 0.006363 0.000010
0.061084 0.001025 0.034371 0.429561 0.100730 0.197896 0.175333
0.002921 0.000782 0.099712 0.874812 0.010898 0.010117 0.000757
0.000689 0.000292 0.005129 0.973767 0.008648 0.004601 0.006875
0.049598 0.001421 0.022440 0.255921 0.062235 0.594364 0.014022
0.012505 0.000604 0.009386 0.914132 0.039860 0.011459 0.012054
0.007675 0.002965 0.009419 0.746625 0.194391 0.037272 0.001652
0.106530 0.016738 0.074339 0.742239 0.003640 0.041766 0.014749
0.022161 0.000544 0.031202 0.869300 0.004203 0.062920 0.009669
0.008701 0.001461 0.008311 0.958298 0.019652 0.003336 0.000240
0.018673 0.000824 0.001334 0.772863 0.040144 0.165260 0.000902
0.007033 0.002631 0.019299 0.556817 0.379630 0.034286 0.000304
0.001506 0.002862 0.005733 0.959442 0.016755 0.013497 0.000206
0.001659 0.001094 0.002075 0.982656 0.002521 0.007475 0.002519
0.026693 0.000004 0.009499 0.007791 0.921549 0.034233 0.000231
0.190844 0.003209 0.018467 0.391561 0.227147 0.166245 0.002528
0.029600 0.002547 0.003202 0.858452 0.026953 0.077727 0.001519
0.000089 0.000280 0.000683 0.997942 0.000497 0.000368 0.000141
0.001944 0.002294 0.048987 0.666798 0.091208 0.175804 0.012966
0.025650 0.000084 0.210607 0.762444 0.000233 0.000931 0.000051
0.039613 0.000791 0.077408 0.550865 0.205968 0.120852 0.004503
0.011670 0.000770 0.003740 0.973050 0.002458 0.006829 0.001484
0.000178 0.000079 0.001628 0.997915 0.000056 0.000069 0.000077
0.159003 0.000554 0.180295 0.022552 0.172867 0.455900 0.008830
0.003272 0.018877 0.009482 0.954868 0.001803 0.011670 0.000027
0.055885 0.011223 0.454903 0.048314 0.125158 0.290987 0.013529
0.041589 0.004076 0.014456 0.707802 0.110821 0.101466 0.019790
0.003088 0.000576 0.015848 0.934015 0.022928 0.023318 0.000228
0.020032 0.002027 0.027319 0.589186 0.077259 0.265195 0.018982
0.000901 0.000048 0.001578 0.891664 0.104097 0.001644 0.000068
0.003418 0.002862 0.001392 0.974054 0.014682 0.002911 0.000681
0.000304 0.000002 0.000060 0.996064 0.003448 0.000097 0.000024
0.216478 0.001817 0.022880 0.674185 0.056052 0.024232 0.004357
0.034014 0.002182 0.016643 0.891652 0.000792 0.019256 0.035461
0.000293 0.000141 0.000330 0.986207 0.010864 0.001907 0.000257
0.000360 0.001275 0.001024 0.962571 0.009689 0.024970 0.000112
0.001277 0.000100 0.002199 0.917779 0.048360 0.029151 0.001134
0.054222 0.000743 0.791147 0.049574 0.093430 0.007848 0.003036
0.069517 0.006176 0.033709 0.397498 0.157582 0.334269 0.001249
0.002013 0.000175 0.000062 0.975234 0.019435 0.003016 0.000065
0.003997 0.000410 0.101127 0.647236 0.065240 0.178130 0.003860
0.033973 0.001830 0.034650 0.474696 0.061859 0.380897 0.012095
0.009383 0.000046 0.011791 0.772377 0.137334 0.049961 0.019108
0.149332 0.000305 0.014533 0.668638 0.044210 0.115937 0.007045
0.006540 0.000161 0.019103 0.945149 0.007333 0.021472 0.000242
0.000338 0.000799 0.006720 0.977175 0.001170 0.011682 0.002115
0.000002 0.000000 0.000005 0.999952 0.000039 0.000001 0.000000
0.000095 0.001280 0.001905 0.990818 0.003043 0.001439 0.001421
0.051886 0.003365 0.111327 0.763584 0.039247 0.029075 0.001516
0.002671 0.000166 0.034829 0.950962 0.007414 0.003903 0.000054
0.010236 0.000517 0.074367 0.868272 0.020182 0.021921 0.004504
0.113852 0.032092 0.090818 0.287739 0.364612 0.100230 0.010657
0.005856 0.003766 0.007665 0.967201 0.008705 0.005959 0.000849
0.000616 0.000830 0.000285 0.911790 0.080336 0.005946 0.000197
0.145267 0.001327 0.012331 0.612891 0.189938 0.035789 0.002456
0.000167 0.000058 0.000622 0.968552 0.026788 0.003306 0.000507
0.004096 0.000649 0.000487 0.977516 0.000038 0.017178 0.000037
0.006312 0.001201 0.019418 0.921398 0.046242 0.005359 0.000071
0.034896 0.002590 0.052617 0.809342 0.045530 0.016448 0.038578
0.007339 0.005755 0.004672 0.926002 0.001855 0.050073 0.004305
0.004600 0.004085 0.099443 0.002846 0.844121 0.035258 0.009647
0.078232 0.000305 0.087267 0.773717 0.042944 0.010665 0.006869
0.003569 0.000833 0.005692 0.784337 0.082173 0.123203 0.000193
0.002334 0.000239 0.001249 0.985069 0.002696 0.006979 0.001434
0.032748 0.000079 0.050323 0.385668 0.168933 0.360948 0.001301
0.075850 0.021623 0.106010 0.090428 0.547501 0.126933 0.031655
0.011505 0.000364 0.002918 0.945795 0.012288 0.026239 0.000891
0.000754 0.000046 0.002898 0.942357 0.044161 0.009713 0.000069
0.446977 0.000495 0.015575 0.447352 0.061817 0.017324 0.010459
0.036867 0.000464 0.009583 0.900170 0.007710 0.040397 0.004810
0.000776 0.000991 0.001209 0.941912 0.051422 0.002900 0.000791
0.014367 0.007450 0.008088 0.954665 0.009678 0.002636 0.003116
0.327790 0.000432 0.002365 0.279913 0.201693 0.148699 0.039108
0.254608 0.000491 0.028001 0.002833 0.074239 0.638767 0.001060
0.020370 0.010008 0.014567 0.325497 0.382195 0.154734 0.092630
0.007486 0.002065 0.003329 0.971440 0.001424 0.014080 0.000176
0.007612 0.048237 0.279537 0.376935 0.010208 0.274106 0.003365
0.000005 0.000000 0.000012 0.999951 0.000008 0.000023 0.000000
0.001773 0.000019 0.000445 0.995534 0.001275 0.000618 0.000336
0.191373 0.007787 0.028937 0.033590 0.017495 0.714487 0.006331
0.000016 0.000025 0.000053 0.999776 0.000102 0.000023 0.000005
0.035922 0.007072 0.027421 0.904326 0.008180 0.011998 0.005081
0.015951 0.006604 0.206463 0.501728 0.124343 0.144427 0.000485
0.003793 0.062867 0.026426 0.881146 0.017267 0.008098 0.000403
0.005761 0.007649 0.145509 0.519535 0.082680 0.230636 0.008230
0.078996 0.084324 0.004658 0.777865 0.015222 0.029399 0.009537
0.000231 0.000002 0.000796 0.987288 0.008741 0.002429 0.000512
0.000465 0.000353 0.003118 0.982338 0.002187 0.011254 0.000285
0.001771 0.000073 0.000683 0.984830 0.007609 0.004983 0.000051
0.095845 0.006100 0.611338 0.011224 0.109082 0.160521 0.005891
0.030952 0.001083 0.001933 0.945026 0.006013 0.014402 0.000591
0.001480 0.000086 0.004182 0.852275 0.073337 0.068525 0.000115
0.108193 0.005912 0.281628 0.148814 0.107649 0.030345 0.317459
0.005117 0.000038 0.000979 0.973254 0.008409 0.012044 0.000159
0.005252 0.000014 0.001132 0.978205 0.004637 0.003820 0.006941
0.014381 0.002704 0.075118 0.468135 0.281720 0.137277 0.020666
0.049871 0.000186 0.018954 0.870239 0.002194 0.009559 0.048995
0.040816 0.000891 0.002155 0.891270 0.017205 0.043675 0.003988
0.006586 0.000094 0.001323 0.979760 0.002592 0.009631 0.000014
0.025150 0.000442 0.015544 0.603202 0.326839 0.028516 0.000308
0.058821 0.001059 0.024867 0.835289 0.008538 0.067307 0.004119
0.049480 0.000406 0.002163 0.812123 0.017265 0.002185 0.116378
0.074301 0.000026 0.001845 0.602165 0.211480 0.110168 0.000016
0.002597 0.023920 0.003838 0.920373 0.047011 0.001572 0.000689
0.000204 0.000528 0.001122 0.987763 0.006199 0.004080 0.000105
0.002278 0.000119 0.027018 0.898278 0.004062 0.010820 0.057426
0.006920 0.001003 0.004772 0.554814 0.305448 0.126815 0.000228
0.088230 0.005816 0.018737 0.219428 0.465619 0.200646 0.001525
0.005158 0.000511 0.014718 0.934740 0.008253 0.036475 0.000144
0.178832 0.001436 0.011740 0.725867 0.002391 0.079611 0.000122
0.001463 0.000041 0.000052 0.997221 0.000360 0.000801 0.000062
0.000195 0.000031 0.001846 0.994974 0.001926 0.000948 0.000080
0.011295 0.000111 0.034582 0.871868 0.070428 0.008657 0.003060
0.100944 0.000597 0.430407 0.243777 0.068570 0.128379 0.027327
0.003419 0.000900 0.011560 0.827769 0.067904 0.054413 0.034036
0.037158 0.000393 0.012358 0.269060 0.008330 0.672515 0.000185
0.000012 0.000032 0.000016 0.999867 0.000011 0.000034 0.000028
0.001185 0.012752 0.000462 0.981189 0.003422 0.000983 0.000006
0.004195 0.002146 0.006556 0.978975 0.002124 0.005082 0.000921
0.216255 0.002374 0.428376 0.016499 0.266682 0.064959 0.004855
0.212001 0.001501 0.021622 0.295711 0.028989 0.160221 0.279955
0.390958 0.000939 0.011931 0.368120 0.038675 0.187527 0.001851
0.050978 0.001615 0.021503 0.107730 0.176817 0.637142 0.004215
0.019867 0.004042 0.007864 0.828523 0.122756 0.016256 0.000693
0.000355 0.000061 0.038699 0.882607 0.072940 0.005271 0.000066
0.016691 0.000538 0.036259 0.036238 0.197926 0.706153 0.006195
0.003347 0.000016 0.000032 0.986387 0.006015 0.003954 0.000248
0.869532 0.000392 0.044106 0.075943 0.002078 0.007344 0.000605
0.001900 0.001259 0.081495 0.331115 0.528190 0.003127 0.052915
0.045612 0.001638 0.035598 0.039747 0.010594 0.733462 0.133348
0.000991 0.000267 0.001509 0.962609 0.028674 0.005677 0.000272
0.002331 0.000004 0.000100 0.995832 0.001265 0.000244 0.000224
0.045561 0.002898 0.341870 0.192204 0.064529 0.344906 0.008033
0.000468 0.000178 0.000293 0.997273 0.000030 0.000396 0.001362
0.030244 0.006256 0.355519 0.293108 0.227765 0.061096 0.026011
0.000009 0.001748 0.000311 0.996647 0.000965 0.000240 0.000080
0.048708 0.023180 0.085799 0.185810 0.114720 0.511411 0.030372
0.005631 0.003020 0.130849 0.536384 0.005678 0.265471 0.052967
0.148980 0.017101 0.150072 0.618653 0.038185 0.011736 0.015272
0.007820 0.000454 0.003020 0.974742 0.011959 0.000725 0.001281
0.040033 0.003154 0.008966 0.072471 0.823914 0.041838 0.009624
0.099097 0.002326 0.021294 0.417052 0.405191 0.039774 0.015266
0.001373 0.000088 0.016328 0.629213 0.000095 0.000254 0.352649
0.016459 0.003967 0.099149 0.872004 0.000251 0.004277 0.003894
0.048406 0.000024 0.000177 0.926894 0.020990 0.003350 0.000159
0.000391 0.010617 0.004304 0.963450 0.017358 0.003043 0.000837
0.081727 0.000618 0.008678 0.239836 0.057787 0.607015 0.004339
0.037332 0.148599 0.009152 0.750648 0.019125 0.031729 0.003415
0.000050 0.000027 0.000025 0.998944 0.000893 0.000038 0.000023
0.010071 0.000168 0.000839 0.981999 0.001529 0.005129 0.000265
0.004558 0.000142 0.000755 0.969221 0.023813 0.001286 0.000225
0.057178 0.009325 0.020077 0.366094 0.344544 0.198479 0.004304
0.053654 0.006954 0.022532 0.588172 0.042799 0.240002 0.045887
0.099502 0.004891 0.015497 0.820438 0.011031 0.046879 0.001762
0.020270 0.000072 0.205612 0.161870 0.287930 0.172645 0.151600
0.282156 0.007035 0.041894 0.230885 0.135178 0.299936 0.002916
0.013025 0.000092 0.020301 0.910345 0.038662 0.016701 0.000873
0.001883 0.000082 0.005646 0.978204 0.005230 0.008773 0.000182
0.002200 0.001171 0.004016 0.977787 0.000534 0.003308 0.010983
0.031452 0.000056 0.006160 0.947883 0.005546 0.008276 0.000627
0.012554 0.000257 0.007090 0.031584 0.500883 0.403416 0.044217
0.109636 0.004747 0.221281 0.411641 0.030932 0.216916 0.004846
0.045249 0.003897 0.009449 0.868724 0.004581 0.056204 0.011895
0.025938 0.000781 0.096671 0.005972 0.005361 0.020021 0.845256
0.002007 0.000028 0.000013 0.997611 0.000174 0.000164 0.000004
0.000538 0.000993 0.001118 0.995636 0.001224 0.000226 0.000265
0.021838 0.000283 0.042484 0.880814 0.012405 0.022177 0.020000
0.273915 0.001428 0.046464 0.082542 0.507978 0.021526 0.066147
0.000057 0.000634 0.003989 0.949686 0.029354 0.015506 0.000773
0.209519 0.002054 0.036841 0.687529 0.001089 0.002057 0.060911
0.000004 0.000061 0.000014 0.999747 0.000026 0.000141 0.000008
0.002673 0.013128 0.015526 0.185667 0.302978 0.112315 0.367714
0.340252 0.002268 0.108948 0.311547 0.026658 0.209975 0.000352
0.130957 0.012648 0.228747 0.064821 0.162703 0.366541 0.033584
0.008226 0.000840 0.188007 0.649542 0.062813 0.047909 0.042664
0.006568 0.000052 0.016739 0.927023 0.010356 0.007487 0.031775
0.067928 0.000348 0.057270 0.336603 0.018767 0.512675 0.006407
0.000389 0.001079 0.000528 0.995987 0.000713 0.001205 0.000099
0.035811 0.001981 0.002832 0.234655 0.715259 0.006365 0.003096
0.006886 0.000311 0.019690 0.953327 0.003069 0.016265 0.000453
0.020006 0.000142 0.026371 0.710650 0.106399 0.129034 0.007398
0.008459 0.000030 0.000390 0.985864 0.000802 0.004300 0.000155
0.053430 0.002348 0.041869 0.674411 0.103956 0.067053 0.056933
0.025671 0.004550 0.022718 0.750579 0.156025 0.037865 0.002592
0.000012 0.000041 0.000009 0.999619 0.000172 0.000146 0.000001
0.053244 0.038795 0.011849 0.708698 0.093182 0.088219 0.006014
0.007610 0.000389 0.000223 0.961784 0.023333 0.006464 0.000197
0.372459 0.000483 0.001865 0.286268 0.206950 0.130596 0.001380
0.006169 0.000075 0.001408 0.972373 0.006243 0.013638 0.000094
0.000047 0.001269 0.000571 0.989091 0.007876 0.000873 0.000272
0.004922 0.003044 0.033400 0.740893 0.018505 0.185621 0.013615
0.030837 0.002552 0.006186 0.099483 0.481078 0.346175 0.033688
0.013267 0.005525 0.085940 0.563270 0.218715 0.104316 0.008968
0.004369 0.000349 0.002240 0.943243 0.047775 0.001952 0.000073
0.007059 0.000351 0.007889 0.811252 0.160868 0.012021 0.000561
0.000742 0.000005 0.000119 0.990669 0.006817 0.001475 0.000172
0.022430 0.000872 0.002387 0.852016 0.011630 0.108922 0.001744
0.002030 0.000013 0.014490 0.945683 0.033104 0.004645 0.000033
0.000519 0.000452 0.001164 0.995661 0.002070 0.000130 0.000004
0.031556 0.010307 0.384372 0.107771 0.043341 0.404087 0.018565
0.061169 0.000804 0.011328 0.862947 0.032985 0.028629 0.002138
0.000757 0.000469 0.000465 0.997513 0.000377 0.000314 0.000105
0.064395 0.003309 0.032429 0.219897 0.597570 0.071094 0.011306
0.008992 0.004323 0.056222 0.513373 0.384917 0.030221 0.001952
0.000661 0.000804 0.024392 0.899856 0.002120 0.000306 0.071861
0.591628 0.015486 0.208928 0.078823 0.057167 0.038261 0.009706
0.000787 0.000570 0.006107 0.977991 0.002370 0.001901 0.010273
0.027016 0.000396 0.030006 0.918700 0.002178 0.015419 0.006285
0.010672 0.000289 0.002223 0.799221 0.006748 0.173200 0.007647
0.772413 0.017155 0.056364 0.059972 0.008121 0.042160 0.043814
0.009903 0.007425 0.022330 0.830561 0.037266 0.069705 0.022811
0.001435 0.000010 0.000488 0.996820 0.000276 0.000140 0.000830
0.022123 0.000624 0.001292 0.189161 0.771226 0.015280 0.000294
0.540524 0.002621 0.026593 0.392356 0.013578 0.023678 0.000650
0.033454 0.000799 0.171077 0.360107 0.204616 0.135013 0.094935
0.000001 0.000092 0.000003 0.999890 0.000009 0.000004 0.000001
0.001779 0.000040 0.035697 0.809983 0.003113 0.013216 0.136173
0.002566 0.001475 0.002823 0.926282 0.045906 0.020729 0.000220
0.002969 0.000241 0.000702 0.990094 0.003421 0.000615 0.001958
0.014761 0.003211 0.113771 0.749487 0.047189 0.043239 0.028341
0.000753 0.000162 0.005215 0.319759 0.000062 0.000081 0.673967
0.000063 0.000638 0.000138 0.998607 0.000344 0.000208 0.000001
0.000077 0.000012 0.000632 0.997732 0.000853 0.000663 0.000030
0.010131 0.001444 0.556813 0.155618 0.020811 0.241486 0.013696
0.161365 0.002072 0.461609 0.320537 0.004353 0.044222 0.005841
0.075340 0.001259 0.011520 0.846595 0.047241 0.017811 0.000233
0.008286 0.005465 0.027617 0.211048 0.592386 0.129788 0.025410
0.959322 0.001531 0.006460 0.006894 0.019380 0.005964 0.000449
0.000980 0.000082 0.000163 0.994351 0.004210 0.000197 0.000016
0.012571 0.001806 0.033509 0.932440 0.003930 0.015149 0.000594
0.026650 0.017861 0.013502 0.879434 0.011014 0.045174 0.006366
0.022365 0.007161 0.444943 0.227017 0.014395 0.044643 0.239477
0.007951 0.007183 0.002896 0.927112 0.029300 0.005642 0.019917
0.108925 0.007523 0.019392 0.211145 0.072115 0.571675 0.009225
0.031090 0.005976 0.077137 0.427983 0.240074 0.211109 0.006632
0.900393 0.000058 0.011322 0.075158 0.005696 0.000152 0.007221
0.036216 0.003677 0.004212 0.912421 0.023653 0.004685 0.015137
0.000470 0.000207 0.003666 0.927070 0.019118 0.047357 0.002113
0.001010 0.000866 0.073713 0.726942 0.010330 0.186646 0.000492
0.317043 0.012964 0.074701 0.254526 0.063909 0.276388 0.000468
0.008649 0.000584 0.158632 0.233123 0.018462 0.512012 0.068538
0.043116 0.004605 0.565709 0.034498 0.143914 0.173017 0.035142
0.812155 0.000197 0.008860 0.028825 0.146071 0.003570 0.000322
0.001343 0.000252 0.001424 0.985498 0.003508 0.007824 0.000151
0.080256 0.002281 0.008172 0.459059 0.321847 0.004579 0.123806
0.774895 0.000239 0.016963 0.124041 0.055041 0.019759 0.009062
0.005753 0.012511 0.004704 0.946818 0.017660 0.010835 0.001720
0.257364 0.001795 0.023785 0.317656 0.219268 0.179707 0.000425
0.080024 0.001804 0.081739 0.688314 0.055126 0.086982 0.006010
0.000599 0.000233 0.000644 0.996801 0.000211 0.000190 0.001322
0.038699 0.001162 0.550638 0.339105 0.039523 0.015143 0.015731
0.000233 0.000085 0.002970 0.989108 0.000077 0.003152 0.004376
0.072901 0.011006 0.073733 0.157023 0.400232 0.280753 0.004353
0.038347 0.001627 0.188663 0.416016 0.111855 0.031280 0.212212
0.001419 0.000381 0.001850 0.913408 0.069236 0.013674 0.000031
0.002083 0.000748 0.017126 0.942044 0.024973 0.005326 0.007699
0.006585 0.000703 0.001843 0.980015 0.001168 0.009074 0.000613
0.000843 0.000038 0.005250 0.987621 0.001970 0.003970 0.000309
0.000381 0.000353 0.006034 0.795296 0.099845 0.095496 0.002594
0.000176 0.000161 0.116816 0.068606 0.021357 0.792854 0.000030
0.000016 0.000012 0.000007 0.999775 0.000042 0.000142 0.000007
0.012745 0.001180 0.030394 0.852766 0.014124 0.037981 0.050810
0.007342 0.001608 0.043257 0.004327 0.322987 0.611245 0.009234
0.016979 0.016590 0.018631 0.281207 0.529801 0.005171 0.131621
0.008344 0.000199 0.117994 0.470694 0.028298 0.042498 0.331974
0.004921 0.001286 0.001372 0.982216 0.002566 0.007635 0.000005
0.017048 0.010281 0.062260 0.368659 0.071313 0.464706 0.005732
0.013934 0.000613 0.005512 0.970388 0.003622 0.005868 0.000063
0.000005 0.000002 0.000200 0.999581 0.000034 0.000124 0.000054
0.000466 0.000010 0.000071 0.998499 0.000550 0.000394 0.000010
0.008100 0.000230 0.002484 0.988575 0.000146 0.000413 0.000052
0.000763 0.000156 0.002226 0.991475 0.002930 0.002410 0.000039
0.003477 0.002764 0.042087 0.888317 0.025087 0.037663 0.000606
0.002958 0.001311 0.004144 0.938407 0.048935 0.003034 0.001212
0.003087 0.000058 0.005477 0.990093 0.000522 0.000702 0.000062
0.011818 0.003579 0.002766 0.954546 0.012091 0.004667 0.010534
0.003717 0.000038 0.000622 0.911447 0.011884 0.071298 0.000994
0.001306 0.000675 0.004301 0.977826 0.004168 0.004185 0.007539
0.284761 0.003202 0.131842 0.544489 0.006850 0.018084 0.010772
0.014672 0.002947 0.089645 0.647121 0.079451 0.155709 0.010455
0.010914 0.003296 0.005319 0.918004 0.045379 0.015996 0.001092
0.000108 0.000120 0.000259 0.992115 0.002996 0.004393 0.000009
0.000153 0.002045 0.009129 0.972837 0.006134 0.009646 0.000055
0.888460 0.000109 0.007363 0.011678 0.003137 0.012068 0.077186
0.008604 0.000118 0.005976 0.935316 0.007110 0.042668 0.000208
0.022923 0.000960 0.013201 0.837370 0.003753 0.120283 0.001511
0.015451 0.013669 0.294868 0.127581 0.141807 0.405940 0.000685
0.033675 0.003081 0.045323 0.897627 0.001312 0.018322 0.000660
0.010036 0.000098 0.000286 0.903920 0.024462 0.059640 0.001558
0.007219 0.000689 0.001506 0.459115 0.467596 0.063822 0.000053
0.120630 0.000875 0.035286 0.069126 0.251964 0.520796 0.001322
0.001744 0.000082 0.000266 0.989572 0.005436 0.002840 0.000060
0.000382 0.000106 0.002962 0.981477 0.003276 0.011736 0.000060
0.068950 0.005461 0.093446 0.514979 0.115421 0.190455 0.011289
0.072678 0.005427 0.208676 0.330442 0.057955 0.268328 0.056494
0.000081 0.000367 0.000632 0.993226 0.005463 0.000219 0.000012
0.000156 0.002453 0.001657 0.992188 0.001875 0.001202 0.000469
0.006008 0.011813 0.015089 0.951881 0.010616 0.004103 0.000490
0.021789 0.000162 0.004393 0.861311 0.025577 0.086604 0.000165
0.004968 0.001916 0.001123 0.969034 0.014516 0.008155 0.000290
0.003583 0.000098 0.001856 0.984288 0.003443 0.006690 0.000040
0.261941 0.000367 0.116221 0.422485 0.055458 0.131568 0.011960
0.000146 0.000511 0.000128 0.973980 0.024087 0.000907 0.000241
0.000474 0.001884 0.090543 0.818688 0.050799 0.033913 0.003699
0.001066 0.000014 0.004106 0.929865 0.060755 0.003932 0.000262
0.000101 0.000007 0.000005 0.999703 0.000147 0.000034 0.000003
0.048280 0.007810 0.065091 0.086257 0.073080 0.665383 0.054100
0.008502 0.009175 0.016290 0.911234 0.004980 0.049724 0.000095
0.024709 0.001942 0.019295 0.877923 0.039109 0.031777 0.005246
0.016329 0.000477 0.006953 0.438294 0.494060 0.021689 0.022198
0.043899 0.004463 0.313198 0.260773 0.004655 0.019548 0.353465
0.000066 0.000004 0.000300 0.999315 0.000121 0.000188 0.000005
0.000276 0.000515 0.009265 0.979633 0.002490 0.004434 0.003388
0.019128 0.000069 0.003530 0.971356 0.003217 0.001399 0.001300
0.002453 0.000106 0.001210 0.992477 0.002979 0.000768 0.000007
0.023701 0.002346 0.006514 0.800716 0.080209 0.083061 0.003452
0.000851 0.000002 0.000168 0.992767 0.005220 0.000165 0.000827
0.032650 0.000624 0.425577 0.044804 0.089581 0.175275 0.231489
0.000347 0.000891 0.000643 0.996894 0.000436 0.000733 0.000056
0.000108 0.000010 0.002088 0.970881 0.003129 0.023751 0.000033
0.004028 0.000296 0.020863 0.909115 0.002042 0.034886 0.028769
0.185190 0.001374 0.288519 0.090973 0.317808 0.110638 0.005497
0.013511 0.001558 0.093126 0.752664 0.012471 0.096676 0.029993
0.011345 0.046315 0.012923 0.652333 0.261489 0.009612 0.005982
0.002182 0.000417 0.000482 0.992017 0.000579 0.004275 0.000048
0.015740 0.042187 0.285481 0.069924 0.397933 0.123306 0.065429
0.066264 0.000101 0.000771 0.535309 0.382250 0.013914 0.001390
0.141300 0.000062 0.006967 0.564867 0.258932 0.012342 0.015529
0.187029 0.008226 0.008566 0.749627 0.001731 0.031804 0.013017
0.071694 0.060094 0.004376 0.596735 0.012729 0.233381 0.020990
0.024942 0.005565 0.002887 0.914607 0.006097 0.045330 0.000571
0.000098 0.000061 0.000867 0.998793 0.000065 0.000067 0.000049
0.000933 0.000138 0.001248 0.946287 0.040632 0.010251 0.000511
0.006587 0.000305 0.001673 0.951804 0.036484 0.002041 0.001106
0.001358 0.000667 0.135494 0.740005 0.012656 0.098712 0.011107
0.003939 0.002691 0.001921 0.958966 0.000602 0.031650 0.000231
0.000261 0.000978 0.000155 0.995042 0.002714 0.000815 0.000036
0.000595 0.000059 0.040155 0.871877 0.033612 0.051160 0.002541
0.000024 0.000012 0.000073 0.999156 0.000551 0.000148 0.000036
0.020024 0.000106 0.011571 0.781413 0.009426 0.018491 0.158969
0.035294 0.004554 0.035549 0.331543 0.015160 0.574306 0.003593
0.268688 0.000964 0.000052 0.022504 0.369269 0.337409 0.001114
0.000400 0.001072 0.005166 0.967101 0.011325 0.014102 0.000834
0.005436 0.001780 0.033685 0.920414 0.034339 0.001275 0.003071
0.030438 0.000124 0.009546 0.928980 0.006935 0.001302 0.022675
0.043903 0.006724 0.606782 0.006791 0.159313 0.164188 0.012300
0.013304 0.012402 0.141288 0.661419 0.086078 0.079679 0.005829
0.114063 0.007315 0.117271 0.223245 0.391005 0.134292 0.012810
0.525202 0.001058 0.035931 0.102206 0.039854 0.293803 0.001945
0.072163 0.000016 0.020967 0.436140 0.008877 0.296415 0.165422
0.043026 0.003095 0.058596 0.499144 0.356784 0.031759 0.007596
0.000038 0.000042 0.001714 0.993649 0.002329 0.001963 0.000264
0.001659 0.000753 0.001953 0.989071 0.001068 0.005311 0.000185
0.008442 0.000843 0.105569 0.577520 0.137475 0.050432 0.119719
0.012766 0.000628 0.003408 0.211587 0.701370 0.070185 0.000056
0.000288 0.000223 0.000171 0.996483 0.001535 0.001008 0.000292
0.000703 0.000369 0.000718 0.996145 0.001037 0.000943 0.000086
0.005484 0.001364 0.002223 0.988047 0.000791 0.002012 0.000079
0.000069 0.000041 0.001779 0.994993 0.001192 0.001093 0.000833
0.000812 0.000148 0.000381 0.997826 0.000114 0.000679 0.000040
0.002358 0.000720 0.394507 0.022491 0.000260 0.002314 0.577350
0.000018 0.000002 0.000015 0.999876 0.000070 0.000015 0.000004
0.015248 0.001005 0.001459 0.301484 0.659828 0.020245 0.000731
0.012935 0.006886 0.008708 0.282952 0.247508 0.437482 0.003529
0.002846 0.003902 0.131252 0.824154 0.007724 0.025431 0.004691
0.000011 0.000001 0.000019 0.999876 0.000089 0.000005 0.000000
0.003509 0.037020 0.062107 0.889987 0.001574 0.005094 0.000709
0.030003 0.005321 0.153666 0.493899 0.050638 0.260735 0.005738
0.000276 0.000002 0.018908 0.809061 0.008265 0.103752 0.059737
0.001620 0.000214 0.001269 0.962836 0.001924 0.027301 0.004835
0.002728 0.000012 0.000386 0.993481 0.001754 0.001527 0.000111
0.000337 0.000172 0.000247 0.998160 0.000772 0.000203 0.000108
0.002821 0.001780 0.009749 0.698466 0.014968 0.272203 0.000013
0.000473 0.000434 0.000182 0.987771 0.003498 0.007392 0.000250
0.000774 0.000127 0.000204 0.998220 0.000007 0.000216 0.000452
0.083855 0.000211 0.007762 0.195998 0.600306 0.107493 0.004375
0.019840 0.000135 0.000735 0.969125 0.005537 0.004402 0.000226
0.135721 0.002791 0.107754 0.397552 0.234300 0.043500 0.078382
0.015382 0.011105 0.355953 0.298776 0.026659 0.262068 0.030058
0.065409 0.009216 0.012593 0.699730 0.001741 0.176430 0.034880
0.033284 0.023255 0.036485 0.147056 0.712030 0.036228 0.011662
0.378351 0.000713 0.457808 0.096070 0.030600 0.034429 0.002030
0.221683 0.000543 0.045490 0.547737 0.038113 0.134615 0.011818
0.282909 0.000246 0.008480 0.694882 0.000044 0.001259 0.012180
0.036194 0.002275 0.270049 0.398908 0.055005 0.181246 0.056323
0.007295 0.000146 0.000913 0.984038 0.000978 0.006437 0.000193
0.082178 0.069714 0.227549 0.077650 0.188261 0.344001 0.010646
0.027120 0.001507 0.001375 0.757003 0.206630 0.005786 0.000580
0.059611 0.014135 0.356216 0.007948 0.005762 0.013065 0.543263
0.007828 0.006975 0.080641 0.261249 0.424877 0.217366 0.001064
0.000681 0.001314 0.002490 0.907764 0.017095 0.070143 0.000513
0.000192 0.000171 0.001592 0.989460 0.007135 0.001201 0.000250
0.008501 0.000892 0.315174 0.264451 0.017450 0.349517 0.044015
0.125912 0.008896 0.032963 0.191955 0.542622 0.069356 0.028296
0.355949 0.000887 0.007063 0.569343 0.021321 0.045291 0.000147
0.004872 0.000671 0.005422 0.181060 0.771639 0.036309 0.000026
0.004556 0.001336 0.061215 0.831305 0.036047 0.065434 0.000107
0.111047 0.000130 0.041044 0.409081 0.184731 0.249315 0.004652
0.000247 0.000021 0.000134 0.997949 0.000264 0.001378 0.000007
0.005966 0.000826 0.005003 0.881690 0.024699 0.021059 0.060757
0.000376 0.000091 0.000715 0.981100 0.000344 0.015308 0.002067
0.000243 0.000351 0.000313 0.995695 0.002927 0.000294 0.000177
0.002273 0.000440 0.004914 0.949373 0.005345 0.037609 0.000046
0.004053 0.000673 0.001800 0.117592 0.867812 0.007129 0.000941
0.018982 0.000124 0.009358 0.724141 0.233926 0.011390 0.002080
0.001402 0.002409 0.065438 0.728415 0.012298 0.189624 0.000414
0.025882 0.000186 0.059300 0.871399 0.006792 0.007365 0.029076
0.025513 0.000382 0.009928 0.948080 0.009959 0.005060 0.001078
0.018869 0.022983 0.193707 0.455566 0.026823 0.256178 0.025875
0.000805 0.001563 0.175226 0.708809 0.015788 0.096814 0.000996
0.001610 0.000022 0.024510 0.961686 0.003247 0.008698 0.000225
0.006592 0.001303 0.029588 0.508985 0.295473 0.150097 0.007962
0.589253 0.005596 0.034233 0.158661 0.063526 0.147349 0.001382
0.123338 0.014851 0.069160 0.261096 0.090436 0.438778 0.002342
0.594426 0.010058 0.033651 0.107043 0.183384 0.064149 0.007288
0.012415 0.001021 0.004204 0.438611 0.512494 0.022690 0.008564
0.001613 0.000028 0.000064 0.993156 0.002021 0.002991 0.000128
0.011653 0.001431 0.031748 0.720830 0.209062 0.013440 0.011836
0.061100 0.018589 0.079869 0.762715 0.002825 0.074049 0.000852
0.001884 0.000039 0.031096 0.851616 0.004589 0.020173 0.090602
0.010658 0.064263 0.038662 0.858885 0.014297 0.009321 0.003915
0.000098 0.000001 0.000980 0.961054 0.000205 0.000027 0.037635
0.002552 0.065325 0.003302 0.797419 0.004298 0.126422 0.000683
0.000485 0.001885 0.007188 0.986232 0.000174 0.003842 0.000194
0.001233 0.000119 0.001312 0.747879 0.012266 0.237033 0.000159
0.034117 0.007996 0.055904 0.301984 0.279353 0.296458 0.024188
0.013954 0.000444 0.025135 0.262715 0.618793 0.059404 0.019555
0.010322 0.005418 0.223057 0.562936 0.010046 0.137271 0.050950
0.000443 0.006909 0.035129 0.931803 0.020283 0.003591 0.001842
0.001192 0.003230 0.001612 0.979500 0.001731 0.003249 0.009486
0.000017 0.000016 0.013225 0.058236 0.000346 0.000223 0.927938
0.001963 0.001974 0.216002 0.070886 0.016572 0.687885 0.004718
0.000243 0.000922 0.035700 0.951369 0.007634 0.002067 0.002065
0.015841 0.000408 0.061682 0.797540 0.119880 0.004602 0.000046
0.006452 0.000124 0.000405 0.988138 0.003035 0.001747 0.000100
0.047498 0.000517 0.085478 0.270967 0.040352 0.554115 0.001073
0.003529 0.000048 0.017446 0.973330 0.002226 0.003009 0.000412
0.692743 0.004800 0.062604 0.028212 0.068072 0.141829 0.001741
0.039113 0.004491 0.035625 0.009152 0.350960 0.017287 0.543373
0.000021 0.000019 0.000073 0.998487 0.001333 0.000060 0.000007
0.143468 0.004778 0.166590 0.398843 0.126188 0.151341 0.008791
0.008207 0.000085 0.093514 0.537423 0.200163 0.132493 0.028115
0.000191 0.000357 0.000547 0.989226 0.008788 0.000180 0.000711
0.006892 0.000765 0.000839 0.837635 0.120425 0.020577 0.012867
0.033848 0.001026 0.273130 0.469367 0.094189 0.085510 0.042930
0.000334 0.000066 0.000102 0.995324 0.002976 0.001181 0.000017
0.001062 0.000093 0.000676 0.990772 0.003581 0.003493 0.000323
0.023874 0.009028 0.043772 0.888645 0.004722 0.017260 0.012699
0.013621 0.002519 0.002290 0.949424 0.013153 0.000459 0.018534
0.073348 0.006522 0.014353 0.316971 0.493776 0.065395 0.029634
0.069659 0.001236 0.013182 0.209658 0.619719 0.053268 0.033279
0.008693 0.036345 0.104927 0.360681 0.173784 0.312518 0.003052
0.000535 0.000700 0.002006 0.977777 0.016481 0.002383 0.000117
0.003006 0.000214 0.059474 0.665712 0.028586 0.008854 0.234155
0.000313 0.000038 0.002307 0.989447 0.004918 0.000940 0.002038
0.080310 0.000267 0.172802 0.499207 0.004027 0.082244 0.161143
0.031665 0.000111 0.004101 0.944373 0.011549 0.008087 0.000115
0.000276 0.000104 0.004554 0.993675 0.000375 0.000887 0.000129
0.000769 0.010900 0.018133 0.960872 0.006557 0.002488 0.000281
0.044234 0.007421 0.011475 0.783906 0.039184 0.113613 0.000166
0.012209 0.000213 0.013214 0.944112 0.006189 0.023289 0.000774
0.016933 0.000626 0.078730 0.707891 0.003349 0.029177 0.163292
0.145578 0.005606 0.014082 0.471740 0.199938 0.112711 0.050345
0.002029 0.000069 0.009698 0.877766 0.102280 0.004857 0.003302
0.023015 0.001116 0.055318 0.784045 0.071023 0.064310 0.001173
0.090054 0.000184 0.161401 0.389080 0.024772 0.321022 0.013487
0.006006 0.005065 0.001182 0.952726 0.010371 0.021641 0.003010
0.025868 0.001664 0.283426 0.593013 0.012096 0.079434 0.004499
0.000568 0.000081 0.000455 0.988233 0.009466 0.001164 0.000032
0.183913 0.009328 0.010446 0.673717 0.074129 0.047989 0.000478
0.092331 0.001075 0.021919 0.286789 0.524771 0.068864 0.004252
0.001939 0.003915 0.002696 0.982186 0.000470 0.007866 0.000928
0.011227 0.000662 0.022685 0.407838 0.346120 0.211383 0.000085
0.002466 0.000291 0.000055 0.995110 0.000415 0.001635 0.000028
0.037363 0.016038 0.164227 0.221540 0.016592 0.004428 0.539812
0.004810 0.000031 0.000295 0.992926 0.001629 0.000244 0.000066
0.029147 0.000080 0.008102 0.815659 0.004393 0.133161 0.009458
0.163396 0.000383 0.085498 0.598355 0.022649 0.127326 0.002393
0.003026 0.000085 0.000301 0.975518 0.006273 0.014731 0.000066
0.000578 0.000530 0.017951 0.796744 0.168208 0.013560 0.002429
0.010316 0.000802 0.000473 0.786580 0.189673 0.011975 0.000181
0.022803 0.000168 0.000860 0.181445 0.625634 0.164350 0.004742
0.576484 0.014062 0.020107 0.164478 0.004605 0.002795 0.217469
0.089680 0.001433 0.023441 0.734155 0.016911 0.103237 0.031141
0.023878 0.001228 0.004090 0.813676 0.138570 0.015635 0.002922
0.000446 0.000039 0.001152 0.997338 0.000143 0.000837 0.000046
0.018864 0.001224 0.197497 0.597738 0.022149 0.162060 0.000470
0.000461 0.000015 0.004856 0.931933 0.022350 0.004812 0.035573
0.050444 0.000017 0.010216 0.817515 0.000296 0.002671 0.118841
0.000043 0.000275 0.000103 0.998660 0.000754 0.000023 0.000142
0.139038 0.000372 0.027616 0.350585 0.040723 0.435429 0.006236
0.020073 0.000521 0.002160 0.961605 0.011016 0.001229 0.003396
0.151508 0.007123 0.030582 0.133886 0.050504 0.626310 0.000087
0.078853 0.020181 0.158575 0.385835 0.026124 0.329737 0.000694
0.000015 0.000041 0.000333 0.994288 0.003449 0.001660 0.000215
0.013554 0.000236 0.002434 0.962833 0.000997 0.007189 0.012759
0.007348 0.000778 0.033431 0.907298 0.000710 0.049312 0.001122
0.104869 0.015704 0.026242 0.077894 0.512673 0.256378 0.006240
0.000012 0.000902 0.000007 0.998932 0.000018 0.000066 0.000063
0.002624 0.000059 0.001055 0.967036 0.006645 0.021764 0.000818
0.000225 0.000360 0.000037 0.998321 0.000484 0.000529 0.000043
0.000249 0.001406 0.000765 0.992924 0.003613 0.001001 0.000042
0.003814 0.000371 0.142797 0.721045 0.059202 0.071387 0.001384
0.032557 0.000391 0.013696 0.893518 0.013075 0.044897 0.001867
0.005231 0.000461 0.047175 0.438136 0.147975 0.314107 0.046916
0.000005 0.000007 0.000006 0.999957 0.000010 0.000014 0.000002
0.060732 0.001712 0.079737 0.042237 0.030490 0.775727 0.009364
0.039712 0.006116 0.277025 0.566051 0.059271 0.033120 0.018706
0.020016 0.000237 0.002495 0.973206 0.001130 0.002840 0.000076
0.047298 0.003816 0.259646 0.052026 0.137320 0.498522 0.001373
0.055933 0.003478 0.049590 0.342413 0.422655 0.122595 0.003337
0.001581 0.000074 0.005489 0.901875 0.078693 0.001205 0.011082
0.167025 0.000587 0.008578 0.438412 0.085667 0.297962 0.001770
0.059456 0.002006 0.022777 0.758824 0.002157 0.153474 0.001307
0.036648 0.000998 0.001693 0.954505 0.004732 0.001060 0.000365
0.000151 0.000189 0.000540 0.997204 0.001393 0.000448 0.000076
0.002429 0.000147 0.002738 0.955100 0.027965 0.003654 0.007966
0.011867 0.000202 0.027068 0.877798 0.070658 0.005673 0.006734
0.128129 0.003429 0.021692 0.047279 0.446901 0.258323 0.094247
0.053005 0.028483 0.073789 0.646317 0.078216 0.117680 0.002511
0.027840 0.003562 0.001272 0.839281 0.047208 0.077458 0.003379
0.027476 0.000798 0.162492 0.594743 0.163490 0.049889 0.001111
0.000412 0.000466 0.007581 0.958432 0.016249 0.015940 0.000918
0.013777 0.005920 0.005800 0.840359 0.105373 0.009815 0.018956
0.022173 0.008617 0.004374 0.812741 0.057251 0.050374 0.044470
0.055928 0.003000 0.071278 0.789096 0.010997 0.021231 0.048470
0.000569 0.000045 0.004838 0.992464 0.000594 0.001227 0.000263
0.001293 0.000286 0.000824 0.996407 0.000326 0.000738 0.000125
0.160141 0.015491 0.003143 0.798551 0.004521 0.017254 0.000900
0.012491 0.000766 0.004724 0.949588 0.012315 0.019979 0.000137
0.123708 0.009250 0.002004 0.817311 0.021196 0.026492 0.000039
0.003259 0.000063 0.024823 0.609623 0.345665 0.012246 0.004320
0.142358 0.001083 0.030615 0.556490 0.150332 0.107739 0.011383
0.002553 0.050247 0.014621 0.857550 0.048386 0.026588 0.000055
0.052551 0.001395 0.002434 0.915001 0.017253 0.010138 0.001227
0.000380 0.000309 0.000165 0.946687 0.010205 0.029171 0.013083
0.000196 0.000235 0.001917 0.974539 0.001146 0.021683 0.000282
0.097646 0.000327 0.021138 0.844868 0.025711 0.006951 0.003359
0.013663 0.000313 0.019293 0.862345 0.044060 0.054440 0.005886
0.002783 0.000095 0.000479 0.996091 0.000079 0.000415 0.000058
0.000881 0.000162 0.000413 0.975346 0.022591 0.000410 0.000196
0.273431 0.000392 0.015715 0.116981 0.302333 0.290705 0.000444
0.001790 0.000102 0.000876 0.946389 0.038049 0.006129 0.006664
0.000325 0.000622 0.000539 0.988446 0.005038 0.001113 0.003916
0.035651 0.002178 0.028683 0.695553 0.004155 0.027439 0.206340
0.009101 0.000070 0.000592 0.919519 0.064336 0.006289 0.000093
0.004386 0.001572 0.021246 0.258228 0.040345 0.670744 0.003479
0.000120 0.000031 0.000645 0.987769 0.010917 0.000383 0.000135
0.023342 0.000540 0.004224 0.926610 0.001649 0.042978 0.000656
0.000994 0.000031 0.004277 0.992292 0.001284 0.001057 0.000065
0.091471 0.012981 0.345622 0.088951 0.153198 0.307061 0.000715
0.046226 0.000857 0.068787 0.457802 0.396620 0.029487 0.000222
0.002758 0.000137 0.000327 0.984891 0.006373 0.003863 0.001649
0.003321 0.006725 0.012702 0.937393 0.013723 0.025977 0.000160
0.001012 0.002304 0.004386 0.963136 0.011439 0.017065 0.000658
0.000040 0.000675 0.000230 0.997241 0.001347 0.000400 0.000068
0.048449 0.006291 0.078775 0.718082 0.112217 0.035500 0.000685
0.022287 0.004805 0.009616 0.941299 0.012749 0.009025 0.000219
0.004497 0.000318 0.024979 0.328644 0.013141 0.052595 0.575826
0.002468 0.000045 0.011986 0.099901 0.001245 0.001684 0.882671
0.016963 0.003989 0.073827 0.190459 0.242320 0.425206 0.047235
0.002785 0.000600 0.000059 0.994017 0.002199 0.000323 0.000016
0.000846 0.000731 0.000146 0.993325 0.002990 0.000156 0.001805
0.002176 0.000697 0.010495 0.982154 0.003703 0.000650 0.000126
0.714233 0.004837 0.046181 0.023767 0.125972 0.084414 0.000596
0.033621 0.000522 0.023916 0.480570 0.039648 0.391988 0.029735
0.009877 0.000277 0.011898 0.639200 0.139225 0.199292 0.000230
0.000786 0.000099 0.002464 0.949235 0.042184 0.004601 0.000632
0.012294 0.000173 0.024060 0.920135 0.018337 0.023893 0.001109
0.000099 0.000063 0.000162 0.998011 0.000011 0.000044 0.001609
0.022840 0.000048 0.016187 0.016042 0.041539 0.865935 0.037410
0.034760 0.003256 0.088763 0.833728 0.017214 0.021698 0.000581
