0.565169 0.015869 0.252532 0.140093 0.002981 0.017180 0.006177
0.001798 0.001517 0.017698 0.002724 0.066280 0.907441 0.002543
0.007785 0.000183 0.074143 0.526927 0.291953 0.018417 0.080591
0.142914 0.001644 0.191129 0.000667 0.002317 0.001960 0.659369
0.010545 0.004794 0.357460 0.031718 0.017498 0.055881 0.522105
0.551456 0.010234 0.005461 0.089173 0.021667 0.321283 0.000727
0.131385 0.007289 0.057592 0.509226 0.144666 0.140528 0.009314
0.031685 0.010164 0.038314 0.004101 0.001362 0.009130 0.905243
0.160102 0.004410 0.401677 0.173427 0.172515 0.087525 0.000344
0.729879 0.013853 0.073079 0.144361 0.020309 0.012748 0.005771
0.033911 0.009421 0.039708 0.007651 0.794659 0.113989 0.000659
0.136173 0.034852 0.029392 0.006171 0.245195 0.545219 0.002998
0.043420 0.009339 0.317702 0.003737 0.011443 0.613901 0.000458
0.317634 0.002555 0.045097 0.062329 0.441637 0.124512 0.006236
0.080161 0.003200 0.162973 0.664464 0.000411 0.014271 0.074519
0.588589 0.002606 0.030050 0.136338 0.007327 0.234108 0.000983
0.159208 0.062556 0.109770 0.063392 0.180937 0.412738 0.011398
0.202040 0.016790 0.301907 0.130087 0.130371 0.208880 0.009925
0.121984 0.005310 0.102270 0.041153 0.691544 0.031731 0.006009
0.388642 0.000370 0.150075 0.042785 0.267438 0.149785 0.000905
0.259332 0.260034 0.147814 0.009222 0.234810 0.085744 0.003043
0.247752 0.006215 0.108337 0.003657 0.147084 0.485966 0.000990
0.557004 0.007332 0.037070 0.019772 0.081591 0.029355 0.267876
0.917570 0.002588 0.000741 0.048665 0.017035 0.008308 0.005094
0.622024 0.022498 0.163398 0.007165 0.116343 0.063271 0.005300
0.055149 0.010628 0.014805 0.509615 0.001842 0.145010 0.262951
0.106390 0.002402 0.053501 0.001939 0.453432 0.381301 0.001034
0.123516 0.023472 0.067154 0.015814 0.459362 0.309236 0.001444
0.427334 0.023400 0.271060 0.007842 0.023985 0.184552 0.061827
0.070015 0.024702 0.071663 0.161886 0.345992 0.321554 0.004188
0.752487 0.025094 0.030872 0.132597 0.015622 0.042892 0.000435
0.167472 0.053426 0.142203 0.130443 0.253410 0.219594 0.033452
0.199745 0.011603 0.111800 0.328999 0.221533 0.112792 0.013529
0.742345 0.004603 0.019001 0.065589 0.083618 0.080803 0.004042
0.077521 0.002454 0.006641 0.747298 0.055516 0.107409 0.003161
0.140635 0.005942 0.561598 0.200318 0.033596 0.027646 0.030266
0.368957 0.002409 0.048305 0.004731 0.423859 0.150990 0.000748
0.925747 0.000103 0.012043 0.050637 0.000123 0.011324 0.000023
0.690165 0.000332 0.248203 0.032008 0.019864 0.003959 0.005470
0.093732 0.056544 0.098038 0.004921 0.052774 0.689344 0.004647
0.096168 0.010490 0.176483 0.347992 0.058653 0.307086 0.003128
0.131595 0.001409 0.845535 0.006563 0.000314 0.004385 0.010199
0.598358 0.000344 0.003292 0.360075 0.016635 0.019657 0.001638
0.007913 0.000303 0.013997 0.009428 0.000876 0.000623 0.966859
0.046284 0.016621 0.235663 0.051340 0.098194 0.483498 0.068399
0.066962 0.018113 0.123153 0.585719 0.082843 0.097838 0.025372
0.196520 0.002852 0.006056 0.446664 0.038773 0.304955 0.004180
0.970548 0.000104 0.000811 0.019760 0.007176 0.000239 0.001362
0.080810 0.000308 0.080410 0.711639 0.005565 0.120671 0.000597
0.036686 0.049807 0.126823 0.163023 0.157071 0.458125 0.008465
0.017812 0.001590 0.705900 0.000543 0.012210 0.253651 0.008293
0.535031 0.001079 0.038987 0.309264 0.012627 0.094773 0.008238
0.350273 0.005616 0.003435 0.584170 0.008030 0.037806 0.010670
0.195684 0.001806 0.102711 0.041063 0.095489 0.553522 0.009726
0.493882 0.008664 0.048638 0.010131 0.213572 0.224281 0.000833
0.082869 0.005296 0.095222 0.718430 0.021567 0.070674 0.005942
0.299254 0.222603 0.266630 0.003458 0.073526 0.129814 0.004715
0.105903 0.003782 0.368061 0.027019 0.082746 0.314942 0.097546
0.008690 0.012186 0.606177 0.034438 0.009219 0.256443 0.072847
0.987798 0.000002 0.002109 0.000388 0.002800 0.001752 0.005152
0.165225 0.005477 0.132394 0.128329 0.466484 0.096866 0.005225
0.911842 0.000981 0.011648 0.002057 0.013935 0.059394 0.000143
0.179431 0.024965 0.056370 0.216276 0.045681 0.475576 0.001701
0.581089 0.004443 0.281892 0.005818 0.012188 0.028181 0.086390
0.630824 0.006219 0.013242 0.260311 0.028757 0.059441 0.001205
0.138707 0.027478 0.011733 0.065923 0.423658 0.312557 0.019944
0.241957 0.008870 0.247367 0.063369 0.091574 0.124665 0.222199
0.510584 0.047548 0.033572 0.001157 0.014940 0.384744 0.007455
0.112379 0.022351 0.036234 0.050363 0.397420 0.380819 0.000433
0.842364 0.000091 0.012878 0.119570 0.004625 0.020238 0.000234
0.326131 0.003962 0.326664 0.204591 0.008119 0.012451 0.118082
0.001467 0.001231 0.031827 0.003407 0.856646 0.105187 0.000236
0.676935 0.001919 0.070313 0.035162 0.021186 0.193745 0.000739
0.592776 0.000471 0.062708 0.197379 0.029333 0.101876 0.015457
0.134706 0.008018 0.359860 0.170325 0.092937 0.233199 0.000955
0.565738 0.004493 0.041881 0.067887 0.180519 0.138259 0.001223
0.962560 0.001061 0.001041 0.001079 0.027088 0.007048 0.000122
0.673350 0.012564 0.023923 0.130612 0.021110 0.137617 0.000823
0.626856 0.001276 0.083179 0.051327 0.177446 0.033843 0.026073
0.544043 0.003749 0.167338 0.103491 0.012561 0.076055 0.092763
0.167660 0.001993 0.064499 0.001255 0.270368 0.489131 0.005093
0.728783 0.003684 0.085334 0.073927 0.009449 0.018994 0.079828
0.853621 0.004037 0.030127 0.002429 0.004381 0.047882 0.057524
0.067649 0.005025 0.002976 0.014781 0.474185 0.435282 0.000102
0.296338 0.000424 0.045394 0.034708 0.007291 0.565352 0.050494
0.018270 0.000140 0.108752 0.009189 0.266953 0.594376 0.002320
0.440684 0.014960 0.163015 0.008742 0.092771 0.279505 0.000322
0.026196 0.010567 0.059654 0.042892 0.532849 0.324181 0.003661
0.025607 0.002180 0.050594 0.056571 0.296407 0.568503 0.000137
0.044137 0.002601 0.037840 0.006386 0.856094 0.049270 0.003672
0.768816 0.002096 0.009006 0.025607 0.171544 0.022591 0.000341
0.301410 0.002381 0.109016 0.100065 0.173634 0.310476 0.003017
0.176238 0.008508 0.120316 0.005618 0.045205 0.641681 0.002437
0.950050 0.002089 0.035817 0.000262 0.000200 0.002433 0.009150
0.195897 0.000655 0.111040 0.050483 0.568258 0.065903 0.007765
0.654776 0.001190 0.108121 0.203655 0.006527 0.014810 0.010920
0.248462 0.047546 0.018152 0.032267 0.457563 0.194703 0.001308
0.132135 0.001002 0.010703 0.003161 0.137651 0.703604 0.011744
0.140205 0.046358 0.167381 0.080500 0.343081 0.194140 0.028334
0.270181 0.000807 0.117233 0.277605 0.078288 0.184424 0.071462
0.208750 0.004273 0.124292 0.251391 0.139555 0.260417 0.011322
0.711362 0.004422 0.001887 0.231977 0.015569 0.011744 0.023038
0.899593 0.001948 0.005750 0.001267 0.027506 0.063028 0.000908
0.022109 0.000691 0.006604 0.026466 0.765102 0.166216 0.012812
0.005475 0.000098 0.012888 0.013189 0.094685 0.870338 0.003327
0.087685 0.003440 0.020072 0.262400 0.276023 0.339953 0.010426
0.496777 0.055122 0.105327 0.000156 0.030615 0.310703 0.001300
0.603889 0.098310 0.032540 0.002256 0.142065 0.120599 0.000341
0.328284 0.038730 0.122566 0.013319 0.346772 0.146026 0.004303
0.539933 0.000417 0.006398 0.011971 0.051246 0.390032 0.000003
0.008658 0.000362 0.296491 0.007799 0.588156 0.003421 0.095113
0.016045 0.013092 0.039500 0.390607 0.461769 0.050791 0.028195
0.001240 0.001181 0.015372 0.000552 0.008769 0.000687 0.972199
0.912019 0.007256 0.042271 0.000232 0.015752 0.016551 0.005919
0.527965 0.009287 0.009534 0.375952 0.026742 0.045581 0.004939
0.148758 0.005264 0.332695 0.330516 0.038860 0.121323 0.022584
0.698829 0.002368 0.017559 0.016163 0.117135 0.092691 0.055256
0.012562 0.000322 0.886556 0.071063 0.004996 0.006834 0.017667
0.638705 0.000293 0.004291 0.337441 0.002490 0.016768 0.000012
0.111350 0.004940 0.049573 0.020440 0.219503 0.550939 0.043255
0.799291 0.053900 0.020446 0.005887 0.012199 0.108090 0.000187
0.572658 0.002326 0.089918 0.037688 0.136637 0.149009 0.011764
0.880733 0.009434 0.017520 0.004758 0.000864 0.011373 0.075318
0.335838 0.002004 0.015752 0.460632 0.127175 0.028663 0.029938
0.662607 0.075273 0.019747 0.077562 0.081805 0.082640 0.000366
0.002796 0.000046 0.125254 0.004937 0.321901 0.544766 0.000299
0.739491 0.001034 0.104395 0.002623 0.016559 0.102637 0.033260
0.872396 0.010126 0.066799 0.014812 0.022334 0.012702 0.000831
0.067425 0.008959 0.181947 0.008606 0.011881 0.063853 0.657329
0.253643 0.000309 0.236561 0.018915 0.153248 0.062894 0.274430
0.877730 0.033699 0.013661 0.017966 0.032435 0.022654 0.001855
0.009387 0.000168 0.647235 0.026418 0.035009 0.280231 0.001551
0.034953 0.004378 0.036190 0.022464 0.199696 0.695532 0.006786
0.093555 0.357394 0.062782 0.150254 0.075496 0.260220 0.000298
0.005939 0.000465 0.085295 0.878614 0.009013 0.016197 0.004477
0.014272 0.000646 0.071402 0.403512 0.008414 0.501684 0.000070
0.022099 0.001024 0.393209 0.002672 0.405292 0.151698 0.024005
0.164504 0.002168 0.090803 0.057968 0.083479 0.587583 0.013495
0.006483 0.004163 0.584361 0.221868 0.008230 0.171549 0.003345
0.324472 0.020905 0.087902 0.305201 0.183844 0.072835 0.004842
0.057533 0.004290 0.106535 0.252657 0.020145 0.558197 0.000644
0.990786 0.000070 0.007491 0.000990 0.000158 0.000373 0.000132
0.232067 0.006660 0.004220 0.046552 0.278914 0.430114 0.001473
0.105773 0.162184 0.064425 0.034401 0.082855 0.422078 0.128284
0.333924 0.002598 0.100140 0.183051 0.199436 0.012394 0.168456
0.457579 0.002068 0.018184 0.320704 0.034440 0.162892 0.004133
0.037716 0.003177 0.088971 0.142588 0.136559 0.588435 0.002555
0.540801 0.000144 0.004834 0.196119 0.025292 0.230222 0.002588
0.010992 0.011746 0.238106 0.101292 0.150647 0.481844 0.005373
0.563903 0.002504 0.238985 0.127716 0.013468 0.044076 0.009349
0.728717 0.014222 0.100405 0.140647 0.006529 0.003269 0.006210
0.893338 0.000118 0.003710 0.048733 0.017826 0.031570 0.004706
0.711362 0.004422 0.001887 0.231977 0.015569 0.011744 0.023038
0.434427 0.001650 0.043911 0.044651 0.046753 0.428106 0.000503
0.544965 0.010810 0.148813 0.092595 0.152638 0.045368 0.004810
0.461423 0.023721 0.257271 0.021502 0.163819 0.031250 0.041015
0.138367 0.002419 0.166665 0.002738 0.074184 0.597104 0.018523
0.148303 0.001282 0.004411 0.000062 0.342713 0.493052 0.010178
0.706577 0.005449 0.119534 0.112548 0.027626 0.007083 0.021183
0.344975 0.001419 0.323626 0.241003 0.000250 0.048103 0.040624
0.074963 0.013311 0.007930 0.000043 0.508207 0.394593 0.000953
0.523241 0.002333 0.012355 0.070624 0.328340 0.062738 0.000370
0.640679 0.013787 0.031833 0.097669 0.012751 0.202732 0.000548
0.015381 0.000026 0.000187 0.642020 0.237700 0.104575 0.000111
0.930729 0.001435 0.019493 0.036426 0.001811 0.009880 0.000226
0.672362 0.001308 0.146233 0.000446 0.061386 0.012384 0.105881
0.165929 0.013638 0.374237 0.336055 0.003022 0.103486 0.003633
0.050056 0.001303 0.059333 0.195667 0.293755 0.394321 0.005564
0.135955 0.007297 0.082391 0.038871 0.497906 0.140255 0.097326
0.458961 0.000083 0.063203 0.408395 0.030678 0.006492 0.032188
0.603597 0.070384 0.072984 0.051290 0.120289 0.081250 0.000206
0.931348 0.000889 0.020244 0.036891 0.004829 0.003577 0.002222
0.128538 0.021576 0.309679 0.009750 0.388155 0.107739 0.034562
0.064817 0.001052 0.235320 0.366637 0.087033 0.037462 0.207680
0.691447 0.000021 0.008307 0.000290 0.020430 0.279486 0.000018
0.757147 0.007777 0.011497 0.168340 0.002110 0.037392 0.015737
0.290176 0.005837 0.102883 0.009014 0.014183 0.558339 0.019568
0.032352 0.000204 0.084105 0.012068 0.140688 0.730471 0.000113
0.273347 0.001758 0.013461 0.575047 0.028674 0.048221 0.059492
0.192767 0.001273 0.035584 0.064896 0.322308 0.189584 0.193588
0.057130 0.014094 0.117783 0.577975 0.079681 0.131258 0.022080
0.002658 0.000453 0.018900 0.271479 0.590338 0.102113 0.014060
0.626019 0.050021 0.058710 0.145088 0.079051 0.014669 0.026442
0.043188 0.012506 0.084694 0.575084 0.139774 0.137158 0.007596
0.096756 0.333105 0.137163 0.100533 0.016696 0.305427 0.010321
0.525609 0.009797 0.008224 0.000306 0.375726 0.080029 0.000308
0.819108 0.001692 0.049129 0.003378 0.089676 0.032432 0.004584
0.154627 0.002336 0.370416 0.038597 0.222455 0.170691 0.040878
0.137950 0.000705 0.107712 0.095402 0.023159 0.629507 0.005563
0.229810 0.011881 0.513107 0.122413 0.082953 0.037594 0.002241
0.183544 0.000720 0.087554 0.181132 0.181380 0.348763 0.016907
0.047572 0.034240 0.126754 0.314841 0.058670 0.301671 0.116253
0.690349 0.003790 0.080759 0.005618 0.190027 0.011637 0.017821
0.209781 0.005694 0.132287 0.144430 0.122354 0.226460 0.158994
0.678169 0.001727 0.296698 0.009037 0.003056 0.001425 0.009888
0.116229 0.006611 0.301976 0.053438 0.342060 0.167851 0.011835
0.532453 0.003223 0.003556 0.067453 0.248923 0.048657 0.095735
0.291268 0.000465 0.008249 0.632489 0.050659 0.015954 0.000915
0.021213 0.003614 0.511815 0.061961 0.100044 0.293593 0.007760
0.370672 0.001189 0.113100 0.181005 0.066008 0.174357 0.093669
0.041973 0.010537 0.195645 0.270149 0.045565 0.392517 0.043614
0.006483 0.004163 0.584361 0.221868 0.008230 0.171549 0.003345
0.144723 0.000435 0.218259 0.003643 0.562505 0.026524 0.043911
0.622250 0.000305 0.343228 0.000303 0.026149 0.004807 0.002958
0.041800 0.000345 0.079548 0.007756 0.001180 0.105758 0.763612
0.030961 0.025633 0.232073 0.085477 0.404282 0.218970 0.002604
0.662286 0.007922 0.182226 0.019298 0.016783 0.107829 0.003656
0.111433 0.001198 0.121097 0.105567 0.483627 0.148544 0.028534
0.139645 0.050567 0.114148 0.004521 0.269627 0.419866 0.001627
0.543435 0.000965 0.006292 0.023171 0.107654 0.317589 0.000895
0.019267 0.000057 0.014082 0.000116 0.004363 0.959243 0.002872
0.161336 0.004314 0.083982 0.324669 0.022298 0.093490 0.309911
0.010550 0.000446 0.430400 0.025466 0.169006 0.332999 0.031133
0.827177 0.010547 0.011510 0.001858 0.080229 0.067555 0.001124
0.070875 0.000015 0.003183 0.924711 0.000005 0.000479 0.000733
0.330153 0.008141 0.184376 0.065157 0.017589 0.392404 0.002180
0.399829 0.001442 0.005060 0.411281 0.043210 0.119860 0.019318
0.022298 0.067169 0.248746 0.050591 0.348763 0.248413 0.014020
0.195748 0.010291 0.429742 0.120395 0.044416 0.167622 0.031785
0.183435 0.471931 0.048322 0.006023 0.190285 0.099767 0.000237
0.447017 0.050177 0.302524 0.018622 0.001339 0.001189 0.179131
0.007199 0.001498 0.002536 0.958059 0.007508 0.023170 0.000030
0.017492 0.000318 0.036385 0.067133 0.759088 0.118370 0.001214
0.930531 0.000727 0.007202 0.021647 0.029646 0.004294 0.005953
0.016677 0.000792 0.014226 0.000827 0.635794 0.327663 0.004022
0.359477 0.017461 0.024262 0.105822 0.008446 0.091829 0.392703
0.153278 0.017014 0.053314 0.019913 0.212902 0.461000 0.082579
0.696739 0.000244 0.000827 0.222093 0.047787 0.032194 0.000116
0.127350 0.003700 0.034766 0.107036 0.498907 0.075729 0.152512
0.766417 0.002223 0.223559 0.000190 0.001429 0.002599 0.003583
0.085432 0.000403 0.081627 0.012841 0.373572 0.445375 0.000750
0.808608 0.000400 0.018150 0.003480 0.095755 0.068761 0.004846
0.992962 0.000003 0.000829 0.000181 0.000227 0.002607 0.003191
0.007330 0.000013 0.002237 0.000183 0.983262 0.006958 0.000018
0.108858 0.026604 0.129485 0.017709 0.029155 0.685938 0.002252
0.045566 0.002446 0.029771 0.138431 0.041076 0.742547 0.000162
0.097516 0.002430 0.077589 0.550182 0.043260 0.138111 0.090911
0.035664 0.011235 0.879491 0.000189 0.003543 0.015212 0.054666
0.230607 0.003195 0.187714 0.239350 0.150804 0.187809 0.000521
0.043695 0.000897 0.023413 0.844197 0.040313 0.045620 0.001864
0.001320 0.017918 0.025847 0.336259 0.550333 0.058134 0.010188
0.020899 0.000204 0.669539 0.006506 0.001580 0.031925 0.269348
0.624675 0.001375 0.025420 0.010385 0.031832 0.293391 0.012923
0.054842 0.024039 0.196226 0.029732 0.052230 0.626220 0.016712
0.558549 0.178088 0.047311 0.003092 0.147930 0.063762 0.001268
0.550443 0.039313 0.021741 0.351000 0.013506 0.014526 0.009471
0.010184 0.004863 0.403739 0.283511 0.003980 0.268587 0.025137
0.114916 0.001933 0.151249 0.497631 0.068854 0.120450 0.044966
0.374864 0.001373 0.012764 0.051174 0.211981 0.157711 0.190132
0.209445 0.026700 0.163817 0.162811 0.084865 0.315873 0.036489
0.494386 0.020345 0.117601 0.020420 0.073580 0.249561 0.024106
0.940392 0.000010 0.034560 0.006812 0.002764 0.015342 0.000119
0.761456 0.000362 0.060923 0.088042 0.007597 0.015913 0.065706
0.092963 0.001286 0.010699 0.002468 0.815310 0.068501 0.008771
0.166083 0.011798 0.086843 0.029126 0.032641 0.037852 0.635657
0.626771 0.003398 0.269253 0.026813 0.003190 0.060834 0.009740
0.097186 0.000037 0.004296 0.680355 0.098249 0.119864 0.000012
0.178684 0.009843 0.070730 0.093234 0.103101 0.543333 0.001076
0.001218 0.001924 0.205250 0.024571 0.035000 0.042250 0.689786
0.417678 0.023599 0.277127 0.237525 0.008687 0.027452 0.007932
0.057375 0.001362 0.022873 0.157993 0.116347 0.618670 0.025379
0.042616 0.025192 0.056725 0.769870 0.024783 0.069717 0.011095
0.025209 0.000674 0.440115 0.019152 0.250843 0.190290 0.073717
0.058880 0.000528 0.078722 0.012771 0.271646 0.577152 0.000301
0.061624 0.000454 0.024067 0.079078 0.032564 0.799613 0.002598
0.189168 0.003661 0.392585 0.000332 0.109472 0.304385 0.000396
0.063509 0.005664 0.259916 0.119340 0.039373 0.350506 0.161693
0.017961 0.000122 0.020259 0.716394 0.136911 0.107085 0.001268
0.005576 0.039202 0.005757 0.000755 0.522631 0.424053 0.002026
0.131346 0.006246 0.264156 0.372227 0.196140 0.006652 0.023234
0.478669 0.003665 0.269598 0.202673 0.034191 0.008333 0.002872
0.037178 0.026410 0.027243 0.043377 0.105700 0.757539 0.002553
0.014817 0.003437 0.072915 0.784067 0.008765 0.109235 0.006765
0.129731 0.006221 0.397231 0.000658 0.022986 0.434648 0.008524
0.023984 0.008684 0.194657 0.003782 0.467881 0.297426 0.003586
0.090921 0.001667 0.025516 0.676421 0.125414 0.035822 0.044239
0.811825 0.000860 0.061202 0.015409 0.005107 0.009466 0.096130
0.941941 0.000203 0.026897 0.000422 0.004539 0.015893 0.010105
0.047403 0.001330 0.036600 0.735711 0.087933 0.077810 0.013214
0.066900 0.001353 0.025855 0.752006 0.013066 0.064577 0.076243
0.952079 0.000292 0.026077 0.016699 0.003786 0.000215 0.000852
0.311005 0.003348 0.265266 0.241556 0.133412 0.032288 0.013125
0.188113 0.001136 0.253120 0.035781 0.076590 0.437952 0.007308
0.286917 0.149440 0.121830 0.194528 0.060735 0.181805 0.004745
0.261544 0.007013 0.217506 0.013225 0.010693 0.135073 0.354946
0.008938 0.003800 0.413041 0.084550 0.300086 0.120900 0.068685
0.982382 0.011107 0.004372 0.000122 0.000283 0.000776 0.000958
0.303637 0.040221 0.359965 0.177401 0.036652 0.082089 0.000035
0.490465 0.000194 0.016937 0.175734 0.136283 0.177396 0.002991
0.030331 0.070070 0.378738 0.114117 0.272827 0.123898 0.010017
0.006172 0.009717 0.364614 0.025162 0.004349 0.004550 0.585435
0.740257 0.038240 0.014353 0.006857 0.027428 0.172807 0.000058
0.079180 0.012312 0.531297 0.146481 0.040098 0.189382 0.001250
0.313360 0.002498 0.016924 0.508237 0.020375 0.138128 0.000478
0.034291 0.003200 0.037048 0.915710 0.007622 0.000620 0.001508
0.002044 0.002759 0.021994 0.718497 0.041744 0.006091 0.206870
0.530799 0.016779 0.024964 0.307029 0.090189 0.030084 0.000156
0.168481 0.004279 0.088855 0.288735 0.282798 0.160993 0.005859
0.001038 0.000139 0.003379 0.006330 0.461972 0.526802 0.000341
0.891111 0.002065 0.074294 0.030774 0.000321 0.001404 0.000030
0.007171 0.001687 0.100577 0.222965 0.044297 0.622950 0.000354
0.852004 0.005173 0.008021 0.009578 0.005694 0.119141 0.000388
0.952112 0.006605 0.013969 0.010829 0.000898 0.007212 0.008374
0.708466 0.006470 0.070182 0.019107 0.147549 0.036004 0.012223
0.068515 0.003552 0.009650 0.016801 0.049693 0.850567 0.001222
0.240402 0.034603 0.075697 0.008276 0.483487 0.154774 0.002760
0.825220 0.002954 0.023009 0.061688 0.014557 0.068672 0.003899
0.001580 0.000305 0.322541 0.000236 0.011135 0.653259 0.010944
0.013170 0.001409 0.001474 0.974524 0.001348 0.008027 0.000048
0.272915 0.016977 0.227450 0.324379 0.103113 0.048434 0.006732
0.084302 0.007261 0.036659 0.050657 0.201143 0.609920 0.010057
0.090614 0.002241 0.183698 0.004813 0.234333 0.454484 0.029818
0.072207 0.000178 0.002365 0.000198 0.864838 0.060209 0.000006
0.019917 0.000134 0.090865 0.005538 0.698383 0.180935 0.004229
0.167645 0.004482 0.109237 0.170866 0.206242 0.262059 0.079469
0.021417 0.005809 0.059823 0.000892 0.277447 0.634457 0.000154
0.473591 0.001728 0.046072 0.061561 0.004350 0.412229 0.000469
0.102845 0.004754 0.067205 0.450049 0.031474 0.312768 0.030905
0.290964 0.011702 0.268113 0.233953 0.010328 0.184377 0.000563
0.001953 0.000158 0.005929 0.973166 0.000501 0.017075 0.001218
0.062823 0.023936 0.039796 0.039270 0.014595 0.074601 0.744979
0.701129 0.002647 0.116631 0.001326 0.095773 0.080089 0.002405
0.013377 0.002338 0.016411 0.812665 0.045388 0.037017 0.072803
0.026011 0.000447 0.145440 0.026774 0.477974 0.199845 0.123509
0.008923 0.014029 0.202370 0.010599 0.419835 0.336437 0.007806
0.205042 0.056938 0.090261 0.002655 0.168378 0.341751 0.134976
0.239895 0.007527 0.075832 0.366553 0.026144 0.277826 0.006223
0.002252 0.019482 0.053048 0.813360 0.083967 0.027735 0.000155
0.322375 0.001725 0.052473 0.012946 0.489940 0.119661 0.000879
0.291714 0.146807 0.001966 0.081435 0.075938 0.400129 0.002011
0.678658 0.000089 0.037664 0.083526 0.180135 0.018250 0.001678
0.554463 0.005550 0.141261 0.001760 0.087535 0.188059 0.021372
0.446447 0.051059 0.006270 0.009845 0.107151 0.155922 0.223305
0.046428 0.012756 0.437904 0.033229 0.113983 0.303956 0.051744
0.118173 0.042610 0.102275 0.072001 0.503314 0.156966 0.004661
0.436061 0.001424 0.125902 0.027216 0.001128 0.005561 0.402707
0.624927 0.018878 0.014179 0.034637 0.046222 0.260933 0.000224
0.704870 0.003704 0.226130 0.011692 0.008580 0.031197 0.013827
0.314213 0.011811 0.319864 0.048226 0.002105 0.162946 0.140835
0.462745 0.000280 0.197521 0.118021 0.002679 0.083837 0.134917
0.067458 0.000067 0.028766 0.759079 0.029609 0.110415 0.004606
0.700333 0.041221 0.025809 0.036137 0.033189 0.135263 0.028050
0.072441 0.001011 0.203086 0.265111 0.392848 0.057433 0.008069
0.044634 0.005908 0.245645 0.258577 0.029018 0.403078 0.013139
0.941017 0.004854 0.042465 0.007099 0.000138 0.004340 0.000088
0.234124 0.307192 0.248589 0.000055 0.097763 0.110908 0.001368
0.496619 0.071953 0.049641 0.108153 0.253512 0.018008 0.002115
0.063010 0.000008 0.000159 0.019156 0.178394 0.739155 0.000117
0.102667 0.002260 0.433952 0.182849 0.068702 0.082418 0.127152
0.041528 0.000555 0.020178 0.029064 0.126655 0.779583 0.002437
0.640316 0.033151 0.014781 0.146918 0.030803 0.133721 0.000310
0.002252 0.019482 0.053048 0.813360 0.083967 0.027735 0.000155
0.052326 0.048544 0.641683 0.125669 0.061490 0.052782 0.017506
0.110705 0.000872 0.069707 0.015263 0.111477 0.691748 0.000228
0.308054 0.001356 0.106845 0.030762 0.368885 0.181356 0.002742
0.496681 0.045387 0.433378 0.011051 0.008242 0.004106 0.001154
0.100111 0.000514 0.079081 0.530103 0.013156 0.183715 0.093321
0.949825 0.002168 0.024053 0.009976 0.001054 0.012080 0.000843
0.175640 0.003833 0.408634 0.157083 0.203549 0.044111 0.007151
0.177950 0.000285 0.014538 0.274119 0.396361 0.127481 0.009266
0.028235 0.005432 0.178776 0.075814 0.092424 0.553603 0.065715
0.429333 0.032497 0.117831 0.125832 0.086321 0.190871 0.017315
0.011061 0.000507 0.004323 0.877296 0.008773 0.097727 0.000314
0.014413 0.013510 0.094338 0.008741 0.246739 0.603053 0.019206
0.965161 0.000054 0.029758 0.000371 0.001097 0.001165 0.002394
0.295826 0.010025 0.043372 0.460272 0.069897 0.093225 0.027383
0.556362 0.003699 0.017799 0.077605 0.323347 0.019488 0.001699
0.189226 0.002714 0.097524 0.032291 0.083896 0.581261 0.013089
0.144853 0.001509 0.153080 0.102969 0.311232 0.283145 0.003212
0.084375 0.003074 0.022826 0.653055 0.016651 0.217968 0.002051
0.091724 0.000121 0.008516 0.887005 0.005056 0.006602 0.000977
0.194081 0.032015 0.043345 0.172466 0.168886 0.354181 0.035025
0.124546 0.002769 0.156257 0.102819 0.110702 0.345988 0.156919
0.677392 0.045480 0.186973 0.074468 0.004030 0.008399 0.003258
0.180009 0.007685 0.125566 0.190123 0.010401 0.486018 0.000199
0.590365 0.003318 0.263744 0.033795 0.006673 0.092293 0.009812
0.701085 0.019304 0.090991 0.007661 0.031143 0.147567 0.002248
0.741417 0.004284 0.081593 0.019010 0.052423 0.100224 0.001049
0.844076 0.001928 0.079366 0.012048 0.029407 0.017743 0.015432
0.097708 0.004838 0.110791 0.016859 0.010923 0.064240 0.694640
0.144552 0.085856 0.081540 0.161924 0.069006 0.454121 0.003001
0.024739 0.003133 0.009305 0.771878 0.154403 0.025080 0.011462
0.066966 0.009029 0.838109 0.002876 0.004840 0.047308 0.030872
0.425298 0.018494 0.179301 0.091310 0.213335 0.066586 0.005675
0.961223 0.000160 0.004878 0.003185 0.002655 0.000329 0.027570
0.062623 0.001173 0.214570 0.004091 0.193971 0.504269 0.019303
0.257452 0.070719 0.028149 0.026659 0.083902 0.524873 0.008245
0.201123 0.005052 0.090114 0.334681 0.148296 0.200865 0.019869
0.231399 0.069523 0.044344 0.076908 0.376051 0.201032 0.000743
0.498384 0.000913 0.230849 0.115715 0.012289 0.141718 0.000132
0.054383 0.000204 0.068384 0.397921 0.038734 0.428213 0.012159
0.016407 0.016151 0.196808 0.027704 0.606102 0.105118 0.031710
0.015344 0.000034 0.029510 0.750502 0.200179 0.004402 0.000029
0.166476 0.033983 0.375552 0.231313 0.024253 0.126098 0.042325
0.088760 0.001027 0.339017 0.021596 0.031021 0.516446 0.002134
0.194810 0.002086 0.056252 0.420599 0.177449 0.146439 0.002365
0.880279 0.028061 0.006773 0.037550 0.005028 0.042052 0.000258
0.153448 0.026671 0.811809 0.000014 0.000028 0.006949 0.001081
0.651367 0.005111 0.149366 0.031794 0.009160 0.153183 0.000018
0.141859 0.003912 0.072387 0.015093 0.667047 0.076058 0.023643
0.196937 0.005908 0.041161 0.042147 0.056626 0.656391 0.000829
0.030307 0.003045 0.783764 0.000434 0.044616 0.136635 0.001198
0.188145 0.003274 0.523269 0.181795 0.036573 0.052159 0.014784
0.055429 0.000634 0.014599 0.872992 0.011596 0.034049 0.010701
0.724694 0.002377 0.132609 0.033922 0.090516 0.011730 0.004151
0.098285 0.014813 0.020258 0.000143 0.143651 0.722830 0.000021
0.132016 0.030269 0.083612 0.225625 0.439793 0.073665 0.015020
0.181984 0.039395 0.094474 0.077352 0.159740 0.446983 0.000072
0.086521 0.019925 0.073401 0.324644 0.137174 0.322730 0.035605
0.180235 0.000378 0.002730 0.164572 0.010182 0.640854 0.001049
0.031359 0.022875 0.133585 0.000426 0.094378 0.713922 0.003455
0.124227 0.014459 0.053313 0.072072 0.103001 0.601388 0.031541
0.144867 0.001025 0.036022 0.207645 0.375884 0.188995 0.045563
0.447962 0.000035 0.000064 0.001431 0.548105 0.002262 0.000142
0.297113 0.000204 0.033625 0.001354 0.030629 0.636684 0.000391
0.995863 0.002009 0.000337 0.000208 0.000245 0.000584 0.000753
0.050498 0.003315 0.126553 0.143156 0.004384 0.665305 0.006790
0.487109 0.014290 0.169761 0.042963 0.021600 0.120662 0.143614
0.853858 0.001765 0.033057 0.000038 0.057532 0.053536 0.000215
0.044669 0.002376 0.033583 0.673093 0.043697 0.199163 0.003418
0.036231 0.006375 0.656918 0.139440 0.020269 0.098341 0.042425
0.285496 0.000493 0.059290 0.539771 0.020247 0.089665 0.005039
0.531794 0.001974 0.049951 0.043810 0.088932 0.205144 0.078395
0.074754 0.001047 0.009485 0.703331 0.088578 0.088026 0.034780
0.559640 0.000604 0.008364 0.332122 0.012280 0.022632 0.064358
0.756262 0.047083 0.033484 0.066874 0.015367 0.078989 0.001941
0.044442 0.000345 0.037404 0.033561 0.537367 0.345096 0.001785
0.028731 0.005076 0.045114 0.005074 0.578362 0.282732 0.054912
0.012484 0.008964 0.113006 0.192051 0.577676 0.077099 0.018719
0.675698 0.000033 0.009222 0.066033 0.158728 0.070161 0.020125
0.200036 0.005314 0.572444 0.069951 0.017469 0.048305 0.086481
0.099429 0.005284 0.677816 0.022337 0.128188 0.042614 0.024332
0.111679 0.002301 0.024011 0.356966 0.439634 0.026457 0.038952
0.039309 0.013992 0.516955 0.015438 0.186303 0.040434 0.187568
0.011004 0.000524 0.034552 0.001537 0.766800 0.173416 0.012167
0.004713 0.000655 0.052069 0.657511 0.092070 0.190309 0.002673
0.402148 0.001550 0.008625 0.411195 0.007763 0.166155 0.002565
0.033689 0.002688 0.040341 0.009458 0.806795 0.023794 0.083236
0.409582 0.001725 0.036703 0.031297 0.003204 0.507049 0.010440
0.258892 0.000363 0.020589 0.054865 0.332671 0.330330 0.002291
0.173060 0.005708 0.425957 0.087352 0.188579 0.047365 0.071978
0.778732 0.008607 0.144365 0.038336 0.001721 0.004597 0.023643
0.269134 0.009044 0.317168 0.107259 0.052334 0.215252 0.029808
0.873037 0.004535 0.010147 0.000483 0.092111 0.019656 0.000030
0.624287 0.013105 0.060782 0.000680 0.020026 0.239190 0.041930
0.097104 0.001055 0.333585 0.021692 0.000611 0.127828 0.418126
0.019993 0.000510 0.151888 0.792324 0.002031 0.010949 0.022304
0.327170 0.000974 0.116011 0.207969 0.181135 0.114606 0.052135
0.004611 0.001039 0.003276 0.031011 0.173993 0.781858 0.004213
0.334385 0.008913 0.080035 0.000389 0.022615 0.551081 0.002582
0.028582 0.002298 0.004640 0.415333 0.540448 0.008125 0.000574
0.635459 0.000395 0.012196 0.283037 0.045055 0.023393 0.000466
0.234426 0.000678 0.007053 0.063847 0.357443 0.330585 0.005968
0.742175 0.000332 0.129979 0.048991 0.009822 0.049654 0.019048
0.441075 0.002974 0.101702 0.242351 0.001220 0.093403 0.117275
0.031718 0.056375 0.180160 0.100227 0.007741 0.535651 0.088129
0.462795 0.003648 0.086583 0.060599 0.177903 0.073470 0.135000
0.527249 0.001595 0.024357 0.212747 0.138265 0.090295 0.005492
0.037755 0.063394 0.047074 0.652075 0.057621 0.140886 0.001195
0.812990 0.000761 0.002909 0.164022 0.005953 0.004925 0.008438
0.062922 0.009617 0.008760 0.182169 0.405168 0.328778 0.002586
0.295791 0.010188 0.249639 0.019387 0.073062 0.128119 0.223814
0.268980 0.000808 0.008721 0.007338 0.109676 0.598139 0.006339
0.399195 0.000967 0.508435 0.000227 0.018856 0.069880 0.002440
0.722848 0.000523 0.002371 0.253673 0.003790 0.015860 0.000934
0.358331 0.065918 0.096522 0.085627 0.025982 0.365144 0.002476
0.429974 0.000915 0.101753 0.032798 0.112777 0.309624 0.012160
0.229963 0.020749 0.426530 0.000849 0.049593 0.234934 0.037382
0.444432 0.001768 0.501685 0.000781 0.029322 0.009030 0.012982
0.039855 0.000866 0.302751 0.453075 0.003003 0.074569 0.125881
0.080450 0.001227 0.015026 0.458233 0.096062 0.336179 0.012823
0.065578 0.009463 0.003163 0.000230 0.886492 0.034602 0.000473
0.077283 0.021042 0.186652 0.110499 0.104484 0.469234 0.030806
0.113877 0.008331 0.055877 0.529336 0.067787 0.223685 0.001108
0.568814 0.000476 0.099708 0.128984 0.009352 0.023123 0.169543
0.471529 0.009894 0.043892 0.145877 0.149372 0.033473 0.145962
0.105324 0.003209 0.257432 0.066962 0.186714 0.296862 0.083497
0.092537 0.008489 0.011401 0.613413 0.027522 0.246073 0.000566
0.008991 0.000393 0.931803 0.001739 0.003242 0.026241 0.027591
0.004770 0.003542 0.367186 0.005703 0.024995 0.592624 0.001180
0.310532 0.003827 0.094003 0.004364 0.052346 0.490496 0.044432
0.577152 0.015774 0.026395 0.000837 0.069891 0.301401 0.008550
0.294116 0.018126 0.158242 0.410998 0.016877 0.073317 0.028324
0.761852 0.002269 0.029437 0.125292 0.006190 0.006286 0.068673
0.010916 0.001020 0.000428 0.004424 0.944503 0.019706 0.019003
0.943111 0.001989 0.009830 0.004789 0.003474 0.021577 0.015230
0.513050 0.018846 0.025878 0.012818 0.075098 0.298017 0.056294
0.333851 0.000333 0.005899 0.407983 0.210393 0.041127 0.000413
0.130664 0.001228 0.283883 0.007103 0.004319 0.539475 0.033328
0.055096 0.000355 0.019963 0.017713 0.096561 0.809653 0.000659
0.328597 0.005584 0.100453 0.035029 0.081855 0.310326 0.138156
0.092087 0.003090 0.029576 0.052594 0.057516 0.756243 0.008895
0.002759 0.000556 0.949731 0.002820 0.002483 0.009091 0.032560
0.002832 0.001024 0.538842 0.000466 0.011136 0.057299 0.388401
0.071104 0.003433 0.392253 0.004057 0.100058 0.425952 0.003142
0.585522 0.002189 0.099405 0.206363 0.041827 0.055087 0.009606
0.080483 0.020171 0.210190 0.035614 0.165278 0.461849 0.026415
0.094064 0.000668 0.117926 0.045505 0.149455 0.459324 0.133057
0.363742 0.000591 0.137205 0.000684 0.363175 0.128829 0.005774
0.021958 0.000003 0.022390 0.863722 0.025349 0.053928 0.012650
0.099981 0.000197 0.073021 0.608517 0.026887 0.085793 0.105604
0.801481 0.001116 0.107234 0.005465 0.026626 0.050863 0.007216
0.096021 0.001689 0.005791 0.004970 0.218860 0.672540 0.000129
0.986941 0.000181 0.008164 0.001281 0.000926 0.000037 0.002470
0.101706 0.004665 0.033043 0.612172 0.142247 0.103599 0.002568
0.277228 0.000626 0.431878 0.032851 0.061511 0.190437 0.005469
0.633579 0.006759 0.271449 0.005540 0.018422 0.062999 0.001250
0.019701 0.001904 0.051288 0.238426 0.272195 0.414049 0.002437
0.847732 0.105282 0.020742 0.000358 0.009315 0.016558 0.000013
0.396536 0.000619 0.127519 0.015805 0.407994 0.047275 0.004252
0.232862 0.026713 0.188099 0.002670 0.261166 0.285434 0.003055
0.056294 0.005467 0.035064 0.373334 0.030837 0.488647 0.010357
0.187009 0.000158 0.739780 0.005565 0.004127 0.063339 0.000021
0.804774 0.009995 0.036637 0.023652 0.002834 0.115739 0.006370
0.054858 0.000062 0.100046 0.787589 0.046889 0.008024 0.002532
0.046669 0.000206 0.048311 0.864910 0.021423 0.013799 0.004682
0.464477 0.002790 0.028045 0.466554 0.018411 0.011880 0.007843
0.017778 0.004318 0.599994 0.001458 0.048802 0.161379 0.166271
0.037408 0.002729 0.043990 0.001272 0.349427 0.552894 0.012280
0.079409 0.008579 0.283190 0.005516 0.013394 0.053203 0.556711
0.216436 0.001070 0.039777 0.693015 0.006915 0.008056 0.034731
0.043900 0.000548 0.896307 0.052016 0.000776 0.001463 0.004990
0.213263 0.001194 0.028388 0.256878 0.376949 0.120541 0.002788
0.367016 0.000679 0.341790 0.161035 0.059193 0.067343 0.002945
0.418514 0.000486 0.010875 0.423403 0.138878 0.007304 0.000540
0.155368 0.019082 0.039525 0.000340 0.595760 0.183657 0.006268
0.234679 0.003780 0.044439 0.595393 0.037048 0.061280 0.023381
0.050498 0.003315 0.126553 0.143156 0.004384 0.665305 0.006790
0.123562 0.000316 0.073156 0.154681 0.009172 0.572372 0.066741
0.696076 0.006137 0.092207 0.018290 0.004289 0.166581 0.016419
0.240694 0.111449 0.019186 0.046337 0.046819 0.532780 0.002735
0.589020 0.004394 0.025693 0.004681 0.334404 0.040950 0.000858
0.012279 0.000098 0.035555 0.029391 0.702308 0.208484 0.011886
0.189273 0.001162 0.088070 0.000270 0.075808 0.645085 0.000332
0.010077 0.001636 0.008666 0.017337 0.008356 0.952110 0.001819
0.008101 0.000207 0.720876 0.002398 0.000824 0.036754 0.230840
0.183791 0.003563 0.081231 0.098936 0.123289 0.420754 0.088436
0.058201 0.001148 0.030538 0.725322 0.105896 0.078060 0.000835
0.457138 0.005824 0.234841 0.210611 0.012221 0.044693 0.034672
0.763456 0.004935 0.003031 0.086465 0.066116 0.075914 0.000083
0.372443 0.019302 0.041726 0.102257 0.345645 0.116771 0.001857
0.351724 0.000528 0.003226 0.516003 0.111103 0.017361 0.000056
0.229038 0.001978 0.416790 0.065121 0.042982 0.231156 0.012935
0.631646 0.084057 0.097732 0.001239 0.085777 0.093554 0.005995
0.474434 0.001880 0.157627 0.089902 0.010657 0.004662 0.260839
0.038264 0.000009 0.010607 0.223277 0.179588 0.547058 0.001197
0.996831 0.000462 0.000323 0.000024 0.002145 0.000186 0.000029
0.176684 0.000394 0.117785 0.611136 0.005122 0.018210 0.070670
0.622637 0.000018 0.013725 0.279650 0.046443 0.034242 0.003286
0.081283 0.000439 0.050339 0.197318 0.565383 0.101661 0.003577
0.185986 0.002096 0.197199 0.596456 0.001660 0.011091 0.005512
0.915030 0.007296 0.000749 0.044353 0.014728 0.017259 0.000585
0.106235 0.010355 0.112685 0.390348 0.183756 0.195135 0.001485
0.432392 0.000474 0.068382 0.128431 0.025038 0.063291 0.281993
0.021660 0.000131 0.354655 0.081896 0.084288 0.343198 0.114172
0.017828 0.002110 0.008551 0.146637 0.741184 0.080955 0.002736
0.012019 0.000012 0.141240 0.005235 0.131948 0.709537 0.000009
0.067831 0.000450 0.017394 0.873986 0.004211 0.002452 0.033677
0.175520 0.000467 0.032706 0.083359 0.624233 0.078549 0.005165
0.155213 0.011415 0.273142 0.012606 0.057781 0.481199 0.008644
0.030100 0.000910 0.012670 0.063791 0.002023 0.890485 0.000021
0.134224 0.019866 0.220558 0.127742 0.013567 0.299405 0.184638
0.215034 0.013758 0.021749 0.461604 0.012428 0.274419 0.001008
0.329301 0.048630 0.184498 0.122192 0.026965 0.280567 0.007846
0.923743 0.001154 0.036351 0.000265 0.000600 0.000648 0.037238
0.524081 0.000105 0.044009 0.000625 0.037333 0.393422 0.000425
0.050647 0.000372 0.085495 0.686135 0.096816 0.078961 0.001573
0.055626 0.003414 0.140947 0.025305 0.059619 0.698722 0.016368
0.141432 0.020640 0.205475 0.000487 0.291272 0.332422 0.008272
0.028959 0.046081 0.341983 0.286867 0.076294 0.103497 0.116319
0.038452 0.004138 0.139723 0.440059 0.179577 0.194952 0.003098
0.332505 0.006475 0.027097 0.027339 0.282637 0.172267 0.151679
0.282073 0.000554 0.039909 0.006421 0.488805 0.167707 0.014531
0.024897 0.008714 0.020888 0.744916 0.005828 0.114353 0.080403
0.359207 0.000604 0.000211 0.200312 0.410174 0.028198 0.001294
0.305288 0.003232 0.040682 0.005177 0.466108 0.105873 0.073641
0.987938 0.001206 0.006613 0.001704 0.000326 0.000804 0.001408
0.859739 0.001391 0.010551 0.049100 0.008674 0.070337 0.000208
0.280783 0.001495 0.034849 0.070380 0.581069 0.031202 0.000221
0.137721 0.011011 0.109979 0.410416 0.071278 0.244981 0.014614
0.072176 0.003621 0.019722 0.165891 0.640367 0.087045 0.011179
0.040518 0.001234 0.013170 0.942178 0.002373 0.000255 0.000272
0.656051 0.007617 0.319362 0.004213 0.001153 0.006904 0.004700
0.017394 0.000656 0.120794 0.044506 0.758405 0.043193 0.015051
0.271470 0.001381 0.023410 0.326995 0.179856 0.190801 0.006087
0.095018 0.001944 0.534714 0.003809 0.045268 0.140969 0.178277
0.005473 0.000705 0.719242 0.002671 0.057221 0.020245 0.194442
0.675084 0.002300 0.025042 0.043640 0.009129 0.217486 0.027319
0.003848 0.008635 0.457252 0.021634 0.397489 0.085955 0.025188
0.037244 0.000215 0.103899 0.009466 0.188920 0.082373 0.577883
0.044131 0.000294 0.153141 0.021241 0.004706 0.768529 0.007957
0.099476 0.005566 0.037419 0.245169 0.187964 0.410602 0.013806
0.675468 0.000065 0.006152 0.274280 0.000536 0.043474 0.000026
0.745825 0.000454 0.008982 0.043519 0.165214 0.030921 0.005087
0.237996 0.029303 0.026755 0.147436 0.014469 0.504163 0.039877
0.087744 0.000751 0.052211 0.098536 0.089305 0.667152 0.004301
0.182140 0.000216 0.035593 0.502788 0.025642 0.246864 0.006758
0.036948 0.000782 0.116603 0.158486 0.463788 0.184588 0.038805
0.017697 0.000193 0.213628 0.630288 0.000500 0.135287 0.002406
0.030031 0.000440 0.484167 0.297498 0.130295 0.020163 0.037406
0.172474 0.019028 0.535835 0.016357 0.012266 0.058577 0.185463
0.598539 0.000464 0.089408 0.002835 0.005738 0.236442 0.066574
0.928247 0.000471 0.001394 0.000228 0.030481 0.037392 0.001787
0.015333 0.000645 0.046513 0.008218 0.043789 0.883315 0.002187
0.113231 0.016377 0.024107 0.041367 0.646831 0.154957 0.003131
0.206299 0.000466 0.147608 0.090064 0.005345 0.549329 0.000890
0.535539 0.000440 0.352453 0.003722 0.000036 0.000209 0.107602
0.498028 0.018488 0.164446 0.071142 0.004385 0.011133 0.232377
0.027298 0.009379 0.191807 0.010387 0.129627 0.628412 0.003089
0.007411 0.000123 0.037457 0.451133 0.001268 0.502481 0.000128
0.290605 0.000017 0.041300 0.602227 0.057943 0.002058 0.005850
0.366605 0.001409 0.007426 0.565615 0.008909 0.033122 0.016914
0.115809 0.000523 0.019305 0.398384 0.070332 0.148645 0.247003
0.002537 0.000565 0.001319 0.025563 0.035120 0.934834 0.000062
0.031399 0.031047 0.558018 0.007934 0.101801 0.255457 0.014344
0.558549 0.178088 0.047311 0.003092 0.147930 0.063762 0.001268
0.090279 0.001281 0.030237 0.005460 0.166294 0.693890 0.012558
0.335576 0.010697 0.069220 0.006273 0.527937 0.039850 0.010446
0.001386 0.000200 0.037430 0.010099 0.010661 0.925157 0.015067
0.010448 0.004847 0.353413 0.313312 0.113195 0.196322 0.008462
0.427167 0.001085 0.029253 0.055881 0.118435 0.352749 0.015431
0.466388 0.000249 0.096266 0.296068 0.075080 0.061564 0.004385
0.051899 0.006137 0.226117 0.105891 0.474275 0.131792 0.003888
0.456076 0.001868 0.096426 0.040830 0.034578 0.360191 0.010031
0.620929 0.134214 0.008045 0.005738 0.134367 0.095941 0.000767
