0.182026 0.002141 0.024347 0.001990 0.266221 0.519255 0.004020
0.092732 0.008111 0.474602 0.001448 0.075908 0.339275 0.007924
0.000309 0.000023 0.399300 0.372929 0.106650 0.104501 0.016289
0.074328 0.009083 0.192294 0.250301 0.042299 0.416583 0.015112
0.439251 0.000624 0.007713 0.304506 0.047087 0.195978 0.004841
0.066595 0.000025 0.030556 0.161923 0.491760 0.245284 0.003856
0.000922 0.000877 0.167605 0.130686 0.040998 0.466728 0.192185
0.355832 0.020117 0.026095 0.406329 0.121284 0.051234 0.019108
0.163507 0.073134 0.235594 0.230178 0.019728 0.170802 0.107057
0.104293 0.000261 0.185103 0.214997 0.025846 0.463566 0.005935
0.003207 0.001572 0.876930 0.047214 0.002672 0.047520 0.020885
0.035634 0.000258 0.128248 0.062080 0.422490 0.329182 0.022107
0.040232 0.042387 0.320459 0.127589 0.337030 0.106341 0.025962
0.045827 0.000883 0.162498 0.044228 0.730764 0.013712 0.002087
0.592779 0.000821 0.211465 0.016399 0.043336 0.126682 0.008517
0.072988 0.022218 0.072292 0.062557 0.161085 0.595634 0.013226
0.145541 0.007643 0.304073 0.009904 0.090941 0.432176 0.009722
0.002254 0.000189 0.021452 0.011048 0.173471 0.791511 0.000075
0.159876 0.019467 0.115432 0.011402 0.169794 0.476369 0.047659
0.272383 0.001372 0.090746 0.003243 0.241483 0.249931 0.140842
0.388723 0.001034 0.269377 0.012671 0.042859 0.277859 0.007477
0.120845 0.003002 0.029132 0.010209 0.198969 0.633187 0.004655
0.003149 0.000075 0.001144 0.714507 0.011136 0.269604 0.000386
0.019073 0.007278 0.819880 0.000853 0.022265 0.089148 0.041502
0.004631 0.010136 0.140705 0.036629 0.260689 0.546405 0.000806
0.000542 0.001279 0.009256 0.868360 0.002441 0.118053 0.000069
0.045789 0.004095 0.264244 0.067430 0.280927 0.328843 0.008673
0.035968 0.000495 0.003939 0.700388 0.219240 0.025230 0.014740
0.000919 0.000119 0.023254 0.008010 0.059675 0.904464 0.003560
0.549798 0.000803 0.157584 0.205075 0.038757 0.024648 0.023334
0.096051 0.004683 0.085769 0.089803 0.133013 0.590279 0.000401
0.086256 0.016574 0.025179 0.056926 0.144173 0.667143 0.003748
0.009442 0.000184 0.032582 0.036335 0.610507 0.287753 0.023197
0.118241 0.008135 0.117617 0.082596 0.070566 0.455935 0.146910
0.678188 0.000427 0.059844 0.008451 0.006792 0.019282 0.227017
0.052734 0.000715 0.010106 0.049531 0.794304 0.090008 0.002602
0.072043 0.035910 0.159840 0.061578 0.028016 0.593540 0.049073
0.077175 0.566250 0.041075 0.010065 0.136892 0.050587 0.117957
0.011371 0.001697 0.034902 0.719142 0.048837 0.183146 0.000903
0.070931 0.005924 0.162657 0.039703 0.339266 0.375229 0.006291
0.064205 0.018754 0.066875 0.183336 0.018922 0.632577 0.015331
0.026506 0.087731 0.098685 0.562871 0.129873 0.088824 0.005510
0.028144 0.004486 0.130097 0.514622 0.269826 0.042909 0.009916
0.059389 0.006474 0.041819 0.007943 0.011489 0.870439 0.002447
0.006783 0.000931 0.103210 0.093065 0.402357 0.382954 0.010701
0.170773 0.000121 0.025779 0.014486 0.064343 0.696990 0.027507
0.050796 0.030993 0.068175 0.028551 0.702999 0.117284 0.001202
0.034753 0.005812 0.608945 0.002822 0.003959 0.340975 0.002734
0.084066 0.004146 0.076821 0.499399 0.035959 0.274984 0.024626
0.222684 0.000049 0.014183 0.100162 0.112115 0.538312 0.012495
0.008883 0.000608 0.014671 0.006291 0.073592 0.895654 0.000301
0.034039 0.000529 0.050996 0.835446 0.031251 0.024192 0.023546
0.065596 0.002819 0.043058 0.000945 0.016931 0.870029 0.000622
0.042655 0.011368 0.189545 0.013635 0.013808 0.727210 0.001779
0.244484 0.008624 0.165012 0.050290 0.181632 0.325802 0.024156
0.036331 0.038736 0.458316 0.016081 0.134752 0.315348 0.000436
0.154908 0.000863 0.015809 0.213792 0.322849 0.195787 0.095992
0.011752 0.000077 0.004794 0.415997 0.370293 0.190078 0.007008
0.001349 0.000908 0.006012 0.002035 0.002010 0.987622 0.000064
0.031534 0.125161 0.333826 0.013477 0.403683 0.039976 0.052344
0.053797 0.002902 0.048682 0.564804 0.219280 0.101665 0.008869
0.451666 0.001757 0.002920 0.211352 0.313977 0.000819 0.017509
0.062631 0.000377 0.022691 0.161626 0.296704 0.455707 0.000264
0.005785 0.000068 0.000935 0.005173 0.003897 0.983625 0.000517
0.038556 0.002103 0.178878 0.472180 0.120849 0.028343 0.159091
0.026675 0.001910 0.077081 0.091237 0.665203 0.101100 0.036794
0.006733 0.000798 0.281950 0.177986 0.016630 0.493560 0.022344
0.041797 0.001777 0.013601 0.101410 0.259802 0.580208 0.001405
0.001898 0.000021 0.991261 0.001916 0.002593 0.002219 0.000091
0.992494 0.000607 0.001651 0.000020 0.003475 0.001750 0.000004
0.281954 0.000200 0.213877 0.002022 0.203440 0.285740 0.012766
0.101969 0.006959 0.530983 0.000891 0.143323 0.215298 0.000576
0.118891 0.000364 0.025946 0.003527 0.260029 0.591140 0.000103
0.090309 0.029862 0.069626 0.016075 0.361818 0.422929 0.009381
0.030875 0.024547 0.170290 0.174875 0.003465 0.536859 0.059089
0.080546 0.008974 0.825252 0.005045 0.002637 0.070983 0.006564
0.143229 0.062243 0.119836 0.146692 0.020639 0.493121 0.014240
0.009164 0.012941 0.508471 0.226349 0.015675 0.210434 0.016966
0.033159 0.001920 0.107842 0.000989 0.549646 0.179878 0.126566
0.049747 0.056203 0.031455 0.140113 0.009069 0.712791 0.000622
0.011268 0.000921 0.095118 0.008941 0.070912 0.809727 0.003114
0.030596 0.001318 0.087190 0.178193 0.007361 0.665491 0.029851
0.009485 0.007878 0.095663 0.199962 0.131530 0.552537 0.002945
0.018787 0.001549 0.009444 0.071233 0.019930 0.878283 0.000774
0.542548 0.003944 0.030640 0.160251 0.147973 0.112404 0.002241
0.828708 0.002962 0.140583 0.000867 0.009065 0.016424 0.001390
0.003427 0.003299 0.073583 0.009107 0.869799 0.034876 0.005910
0.057759 0.009842 0.113054 0.004379 0.228449 0.528589 0.057927
0.005071 0.000407 0.027417 0.494972 0.004029 0.461426 0.006678
0.628474 0.002127 0.009634 0.060435 0.236590 0.055516 0.007225
0.066798 0.019342 0.043952 0.267378 0.115829 0.459406 0.027295
0.085411 0.001415 0.463718 0.050667 0.094479 0.300613 0.003698
0.110834 0.002295 0.038339 0.001373 0.221088 0.277545 0.348527
0.004870 0.032595 0.080384 0.115967 0.068728 0.688644 0.008813
0.008637 0.000218 0.942701 0.001144 0.034049 0.013217 0.000034
0.014824 0.003033 0.167106 0.007915 0.006504 0.798776 0.001842
0.023300 0.007089 0.025154 0.065568 0.080170 0.795875 0.002844
0.013611 0.000211 0.005565 0.120719 0.534463 0.324699 0.000731
0.084423 0.014427 0.011075 0.018403 0.261027 0.500612 0.110034
0.094130 0.001182 0.024102 0.152399 0.642013 0.075098 0.011075
0.106139 0.002191 0.070537 0.047196 0.312290 0.454671 0.006976
0.030538 0.004456 0.247995 0.292389 0.252675 0.167041 0.004906
0.039156 0.002830 0.293344 0.006312 0.591406 0.060964 0.005990
0.018886 0.000502 0.058404 0.871986 0.007121 0.040820 0.002280
0.029127 0.002949 0.031948 0.161608 0.676912 0.079817 0.017639
0.010334 0.004297 0.002002 0.050541 0.012949 0.919355 0.000523
0.086181 0.001420 0.024315 0.053544 0.103241 0.579840 0.151459
0.224850 0.061215 0.376285 0.122698 0.029916 0.139081 0.045957
0.000051 0.003062 0.002884 0.000610 0.736188 0.256604 0.000600
0.011678 0.011775 0.775548 0.101644 0.036839 0.060263 0.002253
0.002944 0.011849 0.060280 0.850482 0.019960 0.038055 0.016430
0.091401 0.000156 0.063022 0.001739 0.732546 0.057026 0.054110
0.667068 0.001861 0.093354 0.087782 0.032021 0.116810 0.001103
0.179960 0.049671 0.314337 0.044392 0.032174 0.237742 0.141724
0.107082 0.002041 0.244180 0.030085 0.099115 0.513146 0.004350
0.008211 0.001219 0.806312 0.002973 0.071852 0.077773 0.031660
0.042121 0.002462 0.482367 0.105613 0.286240 0.056143 0.025052
0.131980 0.008944 0.235582 0.453631 0.124077 0.038253 0.007532
0.034485 0.004636 0.044749 0.145929 0.598482 0.168100 0.003618
0.007280 0.010742 0.089142 0.243073 0.177361 0.470164 0.002238
0.008544 0.000720 0.031741 0.355208 0.003886 0.599375 0.000526
0.061297 0.001148 0.011115 0.567328 0.062390 0.288692 0.008031
0.042125 0.003424 0.399024 0.196847 0.185621 0.050220 0.122739
0.005229 0.000063 0.004642 0.885468 0.050363 0.054120 0.000116
0.094508 0.072499 0.539164 0.013034 0.043753 0.191627 0.045414
0.925405 0.001069 0.020759 0.002183 0.024615 0.024627 0.001342
0.205216 0.026671 0.195845 0.015637 0.133550 0.416496 0.006585
0.070570 0.000042 0.011256 0.650988 0.003376 0.259285 0.004483
0.074108 0.007835 0.247570 0.119317 0.103380 0.423927 0.023864
0.027645 0.004358 0.040006 0.456143 0.128865 0.338010 0.004972
0.003397 0.000026 0.006164 0.666702 0.296734 0.022473 0.004504
0.014049 0.000552 0.016882 0.037238 0.105588 0.824432 0.001259
0.225533 0.008182 0.027839 0.152451 0.277508 0.237483 0.071003
0.161125 0.003910 0.054618 0.009767 0.087636 0.674687 0.008257
0.133107 0.006167 0.335340 0.014658 0.032628 0.474966 0.003133
0.004551 0.000070 0.077667 0.000614 0.010151 0.906847 0.000100
0.151833 0.004895 0.016698 0.505040 0.034546 0.286940 0.000048
0.058310 0.000914 0.032810 0.643762 0.048232 0.213195 0.002776
0.011874 0.000811 0.011131 0.000078 0.052459 0.923326 0.000321
0.263694 0.000502 0.054929 0.236989 0.112710 0.192675 0.138501
0.012335 0.001907 0.193906 0.028412 0.473742 0.234591 0.055107
0.707059 0.002309 0.085307 0.004556 0.034780 0.164430 0.001557
0.000894 0.000009 0.000193 0.997758 0.001054 0.000058 0.000033
0.051763 0.001702 0.018794 0.234468 0.226836 0.463772 0.002666
0.025471 0.003063 0.061797 0.009091 0.549790 0.350153 0.000635
0.101330 0.001099 0.010806 0.570886 0.127229 0.174345 0.014305
0.001965 0.001388 0.201286 0.005200 0.002876 0.772527 0.014758
0.019900 0.001932 0.004310 0.065501 0.652852 0.227471 0.028034
0.029081 0.000532 0.004981 0.007083 0.057202 0.901118 0.000003
0.027905 0.001800 0.225154 0.056009 0.068600 0.619546 0.000986
0.030436 0.002623 0.028058 0.315142 0.038211 0.570396 0.015132
0.429197 0.287334 0.101997 0.000370 0.009434 0.171456 0.000213
0.003297 0.000246 0.594526 0.000982 0.317575 0.061500 0.021874
0.003612 0.004826 0.280181 0.004959 0.107591 0.595618 0.003212
0.083529 0.001435 0.083420 0.471223 0.062767 0.284810 0.012816
0.045612 0.001674 0.078975 0.072384 0.105259 0.642889 0.053208
0.038350 0.000052 0.002040 0.913498 0.042410 0.003597 0.000053
0.030686 0.007347 0.438624 0.027111 0.284942 0.206475 0.004815
0.673271 0.001557 0.220560 0.006462 0.045397 0.049803 0.002949
0.036216 0.001072 0.010502 0.132515 0.754936 0.061546 0.003212
0.001864 0.000812 0.096085 0.150139 0.029952 0.702812 0.018335
0.040595 0.000184 0.091243 0.028512 0.385242 0.387917 0.066307
0.252599 0.000046 0.004576 0.724471 0.013242 0.004749 0.000317
0.017573 0.003937 0.117419 0.001224 0.620492 0.204546 0.034810
0.007765 0.002174 0.018113 0.847526 0.090391 0.031699 0.002332
0.014889 0.000639 0.005851 0.665910 0.225243 0.071822 0.015645
0.012304 0.000032 0.043174 0.892134 0.043439 0.007676 0.001242
0.148748 0.011634 0.266459 0.000511 0.152892 0.412414 0.007341
0.259023 0.001156 0.076403 0.511529 0.016637 0.121418 0.013833
0.112222 0.022212 0.143027 0.005886 0.040166 0.675281 0.001205
0.014913 0.001834 0.016526 0.746899 0.001916 0.217474 0.000438
0.367540 0.016911 0.034953 0.051865 0.005120 0.146971 0.376641
0.052143 0.016612 0.017637 0.214616 0.061787 0.635320 0.001885
0.029950 0.002276 0.362654 0.131577 0.139593 0.322141 0.011809
0.154501 0.000418 0.028223 0.669230 0.012530 0.079094 0.056004
0.049120 0.003668 0.035250 0.770817 0.022376 0.055357 0.063412
0.004457 0.000524 0.000510 0.919213 0.066051 0.008555 0.000690
0.101165 0.000228 0.052818 0.007913 0.153765 0.678880 0.005230
0.318701 0.001185 0.099305 0.002787 0.039739 0.534211 0.004071
0.085466 0.001055 0.187843 0.015227 0.225705 0.447992 0.036711
0.001232 0.002618 0.024156 0.000620 0.002983 0.966766 0.001625
0.006273 0.000083 0.885106 0.047816 0.011627 0.041504 0.007590
0.023091 0.001091 0.055806 0.055373 0.303964 0.546165 0.014510
0.611481 0.004941 0.304278 0.000761 0.025549 0.050294 0.002697
0.017639 0.000168 0.052844 0.107845 0.554417 0.265687 0.001401
0.002878 0.000079 0.051459 0.009259 0.001841 0.934239 0.000245
0.008505 0.000122 0.004688 0.051394 0.005977 0.000911 0.928403
0.049195 0.002927 0.004979 0.769415 0.046077 0.125719 0.001689
0.060989 0.008952 0.036567 0.020525 0.102176 0.762497 0.008294
0.156846 0.003808 0.012477 0.584493 0.004283 0.226389 0.011702
0.015129 0.000822 0.306113 0.168228 0.167263 0.339781 0.002665
0.076813 0.002679 0.024178 0.070477 0.011156 0.814419 0.000278
0.207258 0.014431 0.052339 0.100818 0.067744 0.546650 0.010760
0.044216 0.129244 0.025675 0.063654 0.468125 0.263428 0.005658
0.108768 0.010970 0.327643 0.152817 0.022211 0.373701 0.003888
0.120793 0.000354 0.353577 0.091005 0.208966 0.164894 0.060410
0.307036 0.000453 0.021179 0.360894 0.110880 0.172754 0.026804
0.337887 0.044320 0.016815 0.385213 0.021452 0.190277 0.004036
0.129186 0.036417 0.086006 0.387547 0.140373 0.219740 0.000730
0.612399 0.000392 0.017698 0.001528 0.011924 0.275751 0.080309
0.049348 0.111548 0.376945 0.013974 0.154532 0.272294 0.021358
0.065018 0.004147 0.043827 0.149021 0.142363 0.436006 0.159619
0.188115 0.013009 0.066253 0.008544 0.658409 0.054116 0.011554
0.008723 0.000028 0.298373 0.044598 0.302487 0.210868 0.134924
0.122168 0.001171 0.260932 0.000225 0.022985 0.585085 0.007434
0.001821 0.000599 0.008012 0.948643 0.005008 0.033362 0.002555
0.027720 0.000216 0.010669 0.015819 0.714038 0.221991 0.009547
0.074133 0.003121 0.042610 0.348239 0.313758 0.171470 0.046669
0.005068 0.000083 0.006255 0.463139 0.132221 0.337707 0.055526
0.018257 0.037098 0.057105 0.065795 0.497743 0.318401 0.005601
0.010690 0.000257 0.007185 0.013915 0.348444 0.603029 0.016479
0.011873 0.012632 0.010124 0.000670 0.119121 0.845411 0.000170
0.135243 0.040168 0.094150 0.060999 0.246732 0.399998 0.022710
0.015888 0.001169 0.625935 0.271735 0.021044 0.062585 0.001644
0.259675 0.015012 0.062314 0.004463 0.137036 0.508934 0.012567
0.080728 0.003367 0.020062 0.007284 0.015361 0.869167 0.004030
0.166092 0.049216 0.165208 0.310830 0.146651 0.112480 0.049523
0.038584 0.003342 0.200954 0.019204 0.174288 0.419153 0.144476
0.386777 0.007608 0.076682 0.201791 0.008675 0.310602 0.007866
0.043137 0.000131 0.220185 0.090071 0.266218 0.366455 0.013801
0.044055 0.000221 0.383555 0.029327 0.009904 0.161532 0.371406
0.030138 0.000989 0.067414 0.095781 0.444115 0.316075 0.045488
0.038634 0.002313 0.714943 0.025594 0.019897 0.143125 0.055494
0.210880 0.032135 0.104473 0.012879 0.069532 0.375534 0.194567
0.345443 0.188644 0.217612 0.147637 0.019591 0.076259 0.004814
0.005788 0.000625 0.234922 0.189021 0.184870 0.350108 0.034664
0.137751 0.001210 0.051401 0.363854 0.064816 0.325981 0.054987
0.461361 0.028874 0.152982 0.005204 0.040689 0.287591 0.023297
0.006755 0.000249 0.009624 0.000124 0.095584 0.887553 0.000111
0.025103 0.000298 0.012244 0.002139 0.141768 0.810964 0.007484
0.442024 0.000349 0.010854 0.021560 0.064390 0.458540 0.002283
0.146557 0.033070 0.061451 0.004198 0.081551 0.658115 0.015058
0.080448 0.002653 0.113993 0.182363 0.036188 0.574497 0.009860
0.071838 0.000089 0.546258 0.049789 0.105477 0.192524 0.034025
0.013186 0.001496 0.088715 0.002819 0.023291 0.867968 0.002525
0.003339 0.003850 0.247450 0.075028 0.009620 0.226490 0.434222
0.025089 0.001317 0.083989 0.000710 0.719723 0.157340 0.011830
0.086886 0.000573 0.104404 0.025251 0.070563 0.698222 0.014101
0.003338 0.000229 0.028559 0.010311 0.025602 0.116273 0.815688
0.040737 0.000918 0.165284 0.497736 0.095532 0.180534 0.019260
0.151661 0.004842 0.058780 0.531327 0.083165 0.166001 0.004224
0.005801 0.000086 0.045081 0.724449 0.196375 0.027048 0.001160
0.014581 0.000224 0.036505 0.007563 0.771581 0.165787 0.003759
0.121529 0.006736 0.136607 0.074522 0.082583 0.542477 0.035547
0.005456 0.003336 0.179146 0.042090 0.370317 0.393545 0.006109
0.019837 0.002327 0.031420 0.045839 0.640377 0.253607 0.006593
0.010940 0.000110 0.010800 0.859238 0.019445 0.013910 0.085556
0.053108 0.012872 0.157362 0.015615 0.195953 0.495017 0.070073
0.003970 0.000691 0.024783 0.817996 0.030755 0.107613 0.014193
0.007451 0.000219 0.026422 0.070404 0.009051 0.886275 0.000178
0.047325 0.001111 0.266460 0.032138 0.406143 0.246599 0.000224
0.017907 0.019641 0.040889 0.003901 0.197216 0.720255 0.000190
0.027862 0.002492 0.049130 0.019596 0.575271 0.323684 0.001964
0.247449 0.000097 0.082715 0.031942 0.261258 0.164894 0.211646
0.406511 0.004644 0.084020 0.001132 0.090302 0.410971 0.002420
0.001815 0.003367 0.156874 0.030577 0.263917 0.433348 0.110102
0.132786 0.095724 0.225234 0.109882 0.015984 0.290640 0.129751
0.012309 0.005195 0.028764 0.875227 0.050589 0.021081 0.006835
0.231833 0.027532 0.054957 0.103410 0.151041 0.425660 0.005567
0.200595 0.015156 0.198728 0.124005 0.110632 0.350333 0.000552
0.046522 0.003829 0.209346 0.343707 0.041176 0.354191 0.001229
0.361549 0.000814 0.044693 0.339609 0.115320 0.118291 0.019724
0.007106 0.006264 0.016584 0.811862 0.008275 0.041007 0.108902
0.000968 0.001602 0.098490 0.090331 0.187469 0.618543 0.002598
0.033448 0.000236 0.039528 0.027211 0.321248 0.553365 0.024963
0.029244 0.001051 0.148920 0.030614 0.024831 0.661418 0.103923
0.045525 0.000997 0.089904 0.013574 0.013049 0.823924 0.013027
0.115304 0.002846 0.113957 0.000921 0.005845 0.745517 0.015611
0.001134 0.000178 0.198267 0.493866 0.047636 0.188609 0.070310
0.063608 0.009028 0.034954 0.000497 0.001510 0.890178 0.000225
0.001787 0.000883 0.010404 0.512762 0.425734 0.036862 0.011568
0.064698 0.033568 0.181785 0.319773 0.213387 0.177171 0.009619
0.001849 0.000082 0.006408 0.014949 0.001085 0.930272 0.045354
0.028068 0.000670 0.080163 0.143145 0.144171 0.517046 0.086738
0.039729 0.007346 0.519437 0.002193 0.012799 0.154561 0.263935
0.002280 0.001842 0.234619 0.022473 0.037113 0.700946 0.000726
0.136051 0.000359 0.136950 0.336526 0.206463 0.117582 0.066070
0.137140 0.000863 0.005969 0.107665 0.011861 0.730651 0.005850
0.189114 0.002407 0.085751 0.032731 0.011446 0.674638 0.003913
0.023345 0.020254 0.036781 0.200061 0.027363 0.684599 0.007597
0.126015 0.027619 0.040412 0.397904 0.028274 0.349066 0.030710
0.005259 0.007510 0.271862 0.021515 0.036275 0.618705 0.038875
0.003462 0.001745 0.138277 0.003731 0.006734 0.842543 0.003508
0.226903 0.001365 0.174427 0.087985 0.070228 0.420664 0.018428
0.002782 0.003569 0.113517 0.301825 0.297231 0.250903 0.030173
0.021170 0.007518 0.006761 0.518259 0.323759 0.108251 0.014282
0.208191 0.001560 0.130174 0.061623 0.125588 0.452212 0.020652
0.001351 0.000450 0.000442 0.019665 0.721971 0.255702 0.000419
0.288118 0.018087 0.063875 0.084746 0.202052 0.337579 0.005543
0.096759 0.000174 0.005744 0.123949 0.486393 0.279053 0.007929
0.175362 0.000166 0.114980 0.080808 0.415140 0.163575 0.049969
0.191792 0.000218 0.003872 0.020065 0.084995 0.690367 0.008692
0.031821 0.006027 0.047368 0.003988 0.229294 0.676472 0.005030
0.046541 0.010739 0.047772 0.389032 0.033045 0.472655 0.000216
0.014727 0.002302 0.035226 0.275525 0.393377 0.218428 0.060416
0.101606 0.001167 0.222457 0.096784 0.123180 0.405448 0.049358
0.457435 0.008959 0.219126 0.061823 0.160653 0.081568 0.010437
0.087414 0.028784 0.206254 0.042388 0.252558 0.381156 0.001447
0.022973 0.000006 0.000095 0.000002 0.025289 0.951633 0.000002
0.019316 0.000880 0.027260 0.709713 0.088860 0.153751 0.000220
0.014197 0.029998 0.292911 0.179244 0.006941 0.138892 0.337817
0.157606 0.005792 0.051230 0.053342 0.043964 0.681753 0.006313
0.487495 0.001647 0.241690 0.126256 0.030918 0.093070 0.018923
0.035406 0.065649 0.017595 0.031331 0.389362 0.449005 0.011652
0.285503 0.001767 0.033537 0.119708 0.291019 0.263524 0.004942
0.005105 0.011084 0.487166 0.195568 0.086473 0.210448 0.004157
0.096145 0.001921 0.053190 0.088172 0.440958 0.314001 0.005613
0.057042 0.124290 0.148680 0.010050 0.009899 0.643957 0.006080
0.008320 0.000007 0.016526 0.002326 0.005276 0.954417 0.013128
0.036984 0.000254 0.122842 0.228952 0.111122 0.492620 0.007226
0.024816 0.003261 0.013050 0.003525 0.109845 0.839049 0.006453
0.013638 0.003287 0.012851 0.483006 0.436216 0.045942 0.005059
0.000133 0.000049 0.005460 0.978977 0.007550 0.007754 0.000077
0.029010 0.000893 0.255880 0.154882 0.217756 0.072861 0.268717
0.061739 0.011076 0.303151 0.165537 0.067741 0.034607 0.356149
0.041497 0.002545 0.130661 0.099720 0.062147 0.557076 0.106354
0.515142 0.017849 0.039769 0.016997 0.049771 0.339706 0.020765
0.011779 0.001658 0.142583 0.355165 0.065869 0.394727 0.028219
0.117178 0.001542 0.656776 0.135115 0.011984 0.038009 0.039396
0.238216 0.000869 0.505119 0.174159 0.009733 0.049015 0.022889
0.000800 0.000064 0.011419 0.700889 0.218110 0.046647 0.022071
0.006588 0.002410 0.014835 0.708340 0.109612 0.157376 0.000839
0.043291 0.001638 0.258957 0.268678 0.282023 0.141600 0.003815
0.423292 0.012850 0.102036 0.228551 0.009209 0.145551 0.078510
0.003938 0.000716 0.025583 0.860371 0.003249 0.101849 0.004294
0.148300 0.000085 0.012931 0.085700 0.055881 0.685121 0.011982
0.026306 0.012553 0.074163 0.232898 0.171242 0.482713 0.000125
0.075596 0.008656 0.072502 0.726626 0.064695 0.039414 0.012510
0.019991 0.007656 0.015949 0.315740 0.044766 0.595063 0.000836
0.183202 0.001971 0.065287 0.055163 0.529640 0.095341 0.069398
0.000545 0.000002 0.022555 0.954000 0.012216 0.010124 0.000559
0.055185 0.012047 0.204977 0.060651 0.049573 0.606983 0.010583
0.236253 0.003924 0.030831 0.455103 0.006298 0.263068 0.004522
0.005672 0.000651 0.243314 0.015243 0.032486 0.600382 0.102254
0.012098 0.000670 0.009929 0.000521 0.300727 0.672768 0.003287
0.031985 0.002795 0.026182 0.286851 0.044390 0.538777 0.069021
0.034701 0.003179 0.159356 0.564898 0.029500 0.133211 0.075154
0.015193 0.000318 0.060345 0.397368 0.251806 0.246388 0.028581
0.014572 0.003904 0.168231 0.005068 0.438934 0.346935 0.022354
0.058774 0.021424 0.135181 0.375233 0.036689 0.033361 0.339339
0.048586 0.002292 0.128194 0.021766 0.112113 0.026372 0.660676
0.086542 0.033793 0.036496 0.083100 0.443888 0.313728 0.002453
0.143600 0.001946 0.030280 0.054235 0.406164 0.339823 0.023952
0.003577 0.001156 0.378029 0.086996 0.039669 0.476500 0.014074
0.006585 0.000191 0.040892 0.002917 0.032318 0.049875 0.867222
0.032838 0.003432 0.663863 0.005205 0.006050 0.288428 0.000184
0.294954 0.004975 0.014945 0.016516 0.002965 0.665061 0.000584
0.004980 0.000047 0.010798 0.000475 0.040007 0.929629 0.014063
0.755097 0.027108 0.048971 0.049944 0.043898 0.074941 0.000041
0.030872 0.002522 0.178134 0.001676 0.179790 0.604228 0.002777
0.059555 0.022736 0.068980 0.008950 0.363308 0.474000 0.002470
0.018382 0.000546 0.011167 0.036518 0.561179 0.324053 0.048155
0.830541 0.000585 0.008361 0.002976 0.103597 0.053749 0.000191
0.015416 0.007480 0.038006 0.002203 0.531873 0.052818 0.352204
0.204506 0.013636 0.274453 0.173975 0.020700 0.093240 0.219489
0.018762 0.000576 0.261690 0.088271 0.015338 0.613278 0.002084
0.136592 0.000868 0.281532 0.005355 0.009266 0.564575 0.001812
0.001896 0.000109 0.922089 0.001669 0.011591 0.041071 0.021575
0.179951 0.005167 0.068351 0.208151 0.271581 0.265496 0.001304
0.094727 0.045626 0.180163 0.129355 0.015974 0.517920 0.016234
0.009200 0.000381 0.206756 0.355361 0.018403 0.406826 0.003074
0.651341 0.000073 0.040326 0.111733 0.005347 0.149252 0.041928
0.005072 0.000468 0.018291 0.005791 0.904900 0.065135 0.000343
0.098795 0.001241 0.019747 0.005403 0.368152 0.501592 0.005069
0.013621 0.005956 0.088901 0.015784 0.129973 0.732262 0.013502
0.044303 0.002409 0.132017 0.088558 0.231343 0.496581 0.004789
0.012638 0.006253 0.009406 0.080309 0.048202 0.843154 0.000037
0.117318 0.000373 0.027422 0.656454 0.004815 0.183665 0.009953
0.029967 0.001495 0.097519 0.004625 0.089469 0.776129 0.000796
0.009160 0.004098 0.745674 0.048201 0.034062 0.026894 0.131911
0.018922 0.000307 0.010421 0.006765 0.162330 0.796789 0.004467
0.001371 0.011423 0.020148 0.036561 0.883595 0.045415 0.001487
0.002044 0.000221 0.134700 0.004201 0.004323 0.854239 0.000272
0.658168 0.037388 0.096175 0.002274 0.064309 0.141644 0.000041
0.235914 0.017575 0.179459 0.062993 0.090875 0.360720 0.052464
0.009092 0.001169 0.093188 0.495694 0.008150 0.390954 0.001753
0.018982 0.000174 0.513826 0.000087 0.202303 0.261776 0.002853
0.002077 0.000362 0.128506 0.003457 0.000537 0.859338 0.005722
0.072096 0.000560 0.007186 0.170990 0.600227 0.148665 0.000275
0.010963 0.000066 0.009402 0.427962 0.055281 0.495274 0.001052
0.969784 0.000458 0.001473 0.015154 0.001633 0.011002 0.000496
0.264446 0.001488 0.072017 0.022287 0.168799 0.469818 0.001146
0.230963 0.001083 0.056761 0.506050 0.038757 0.159358 0.007029
0.099947 0.010924 0.032663 0.023279 0.070174 0.749705 0.013308
0.034419 0.000018 0.008796 0.135481 0.812426 0.007524 0.001336
0.027705 0.002361 0.012326 0.000861 0.292853 0.663793 0.000101
0.014246 0.000094 0.207106 0.121417 0.000127 0.656583 0.000427
0.067444 0.003595 0.141786 0.046414 0.679033 0.054549 0.007179
0.763925 0.003850 0.004724 0.111288 0.026465 0.089352 0.000397
0.014512 0.001047 0.005823 0.078265 0.055158 0.841648 0.003547
0.035671 0.039560 0.071695 0.171754 0.031482 0.645104 0.004734
0.117672 0.001305 0.032993 0.199476 0.587201 0.046910 0.014444
0.007879 0.010137 0.114295 0.001471 0.667378 0.198653 0.000186
0.006160 0.000273 0.047649 0.000944 0.881526 0.060521 0.002927
0.066796 0.003055 0.130596 0.382997 0.012722 0.013514 0.390322
0.080559 0.000855 0.011998 0.143928 0.175889 0.453175 0.133596
0.108137 0.003657 0.009067 0.381362 0.027151 0.466281 0.004345
0.108550 0.000360 0.069233 0.040512 0.048495 0.730479 0.002370
0.515543 0.003181 0.075606 0.044205 0.246378 0.108422 0.006664
0.542187 0.003719 0.030521 0.273161 0.119193 0.027039 0.004181
0.033426 0.001240 0.009984 0.003935 0.016396 0.933670 0.001349
0.096813 0.012416 0.323171 0.044003 0.014851 0.504431 0.004314
0.017989 0.000689 0.649699 0.059186 0.067504 0.001148 0.203785
0.023658 0.000785 0.002764 0.821202 0.118799 0.030403 0.002389
0.236228 0.004015 0.087596 0.181449 0.132067 0.357230 0.001415
0.003420 0.001930 0.101085 0.001435 0.824238 0.058542 0.009350
0.036320 0.003916 0.004629 0.688847 0.252282 0.012730 0.001276
0.106268 0.002302 0.188926 0.053268 0.040479 0.607944 0.000813
0.102566 0.004772 0.176964 0.101429 0.347121 0.190202 0.076947
0.118495 0.000207 0.289156 0.195923 0.100491 0.276862 0.018866
0.118897 0.001875 0.047665 0.158861 0.129246 0.531188 0.012268
0.134062 0.000756 0.021441 0.555787 0.079588 0.207299 0.001067
0.003285 0.001702 0.202776 0.000017 0.047038 0.744592 0.000590
0.019156 0.020631 0.008608 0.779026 0.090012 0.074382 0.008186
0.013397 0.003081 0.294237 0.243514 0.047739 0.296454 0.101577
0.008731 0.000165 0.009054 0.536641 0.319902 0.119023 0.006485
0.858504 0.003109 0.062933 0.006400 0.040739 0.018450 0.009867
0.001152 0.000189 0.003484 0.006148 0.385070 0.603876 0.000080
0.048586 0.002292 0.128194 0.021766 0.112113 0.026372 0.660676
0.671417 0.003174 0.006434 0.262853 0.041383 0.012485 0.002254
0.115419 0.002127 0.005348 0.837387 0.013693 0.025999 0.000026
0.055723 0.003336 0.053681 0.003507 0.010159 0.872590 0.001005
0.002279 0.000769 0.129799 0.000307 0.000395 0.845756 0.020695
0.034156 0.004606 0.025393 0.333559 0.158501 0.436397 0.007388
0.097167 0.012103 0.060120 0.025949 0.035606 0.768800 0.000256
0.005033 0.020416 0.010576 0.926699 0.001769 0.035184 0.000324
0.025477 0.003261 0.122043 0.004044 0.669197 0.170681 0.005297
0.093016 0.061902 0.376801 0.033497 0.023518 0.207529 0.203738
0.041439 0.002466 0.403145 0.022669 0.410589 0.114891 0.004801
0.272080 0.001362 0.014302 0.579006 0.023434 0.109230 0.000586
0.042457 0.002943 0.112590 0.213802 0.048026 0.570284 0.009897
0.081725 0.009130 0.147198 0.303999 0.000954 0.381650 0.075343
0.005775 0.000318 0.107740 0.002212 0.021658 0.835425 0.026872
0.012733 0.000240 0.068347 0.407101 0.087601 0.423869 0.000110
0.008186 0.028447 0.108809 0.011656 0.761592 0.055869 0.025442
0.007113 0.002324 0.066946 0.669192 0.032409 0.205053 0.016964
0.005058 0.000344 0.013854 0.786298 0.017921 0.174237 0.002286
0.132030 0.017807 0.298165 0.008321 0.025759 0.460165 0.057753
0.052270 0.000673 0.284163 0.189763 0.016395 0.438669 0.018067
0.035423 0.000382 0.021813 0.066784 0.031430 0.842980 0.001188
0.201939 0.000379 0.026845 0.154245 0.393240 0.194056 0.029298
0.022072 0.023998 0.043722 0.003499 0.010633 0.896076 0.000002
0.079548 0.000014 0.014633 0.003478 0.895440 0.006848 0.000039
0.303212 0.147214 0.098216 0.206412 0.071479 0.112116 0.061351
0.076729 0.000292 0.013810 0.468255 0.147167 0.284987 0.008760
0.004489 0.000262 0.043862 0.096938 0.108221 0.728759 0.017469
0.008204 0.008802 0.093102 0.565858 0.001271 0.319305 0.003457
0.004136 0.005076 0.042159 0.002038 0.008095 0.935205 0.003292
0.021082 0.001196 0.018840 0.863992 0.055763 0.026768 0.012359
0.320036 0.000207 0.165362 0.084840 0.034565 0.386721 0.008268
0.014495 0.001024 0.027135 0.744779 0.028190 0.046718 0.137659
0.020775 0.003369 0.528280 0.209821 0.062892 0.155861 0.019002
0.001531 0.002465 0.608599 0.322657 0.000956 0.005769 0.058024
0.053041 0.001923 0.005185 0.851180 0.063576 0.021279 0.003815
0.037361 0.003656 0.231403 0.154774 0.086995 0.474556 0.011256
0.276472 0.003392 0.095162 0.120666 0.041880 0.393694 0.068735
0.035126 0.001771 0.048004 0.807542 0.011939 0.093838 0.001781
0.005001 0.002880 0.003864 0.923879 0.030108 0.034037 0.000231
0.025366 0.000099 0.131541 0.008309 0.103491 0.725286 0.005908
0.098915 0.004936 0.240365 0.116717 0.255025 0.278113 0.005929
0.022143 0.008227 0.030772 0.058286 0.300924 0.577218 0.002429
0.045015 0.128279 0.079782 0.244003 0.014909 0.155891 0.332121
0.000962 0.000063 0.000218 0.001921 0.960281 0.036395 0.000161
0.002139 0.000194 0.015655 0.074406 0.010911 0.892567 0.004129
0.151236 0.002711 0.038274 0.000364 0.646552 0.155612 0.005250
0.035001 0.008404 0.434287 0.132520 0.164450 0.096820 0.128519
0.056531 0.000165 0.064671 0.003760 0.671291 0.139418 0.064163
0.490150 0.000282 0.003979 0.000853 0.024357 0.480229 0.000150
0.018680 0.004176 0.099543 0.009881 0.035214 0.828174 0.004333
0.008054 0.000127 0.136361 0.225853 0.167351 0.399676 0.062578
0.056602 0.006482 0.290140 0.001280 0.267531 0.367193 0.010773
0.275008 0.002229 0.104981 0.191412 0.321905 0.084554 0.019911
0.369349 0.026001 0.024104 0.024963 0.159338 0.396070 0.000175
0.042510 0.001121 0.189521 0.012287 0.233045 0.516894 0.004622
0.050143 0.026810 0.277582 0.140637 0.231889 0.114870 0.158069
0.018659 0.000007 0.143699 0.059523 0.756452 0.021651 0.000009
0.397059 0.070564 0.059276 0.000034 0.017579 0.455477 0.000011
0.007543 0.000240 0.003701 0.129342 0.466458 0.381312 0.011403
0.103674 0.000679 0.042135 0.228617 0.486298 0.122274 0.016324
0.057575 0.001874 0.043223 0.006514 0.093561 0.616062 0.181190
0.013828 0.000218 0.063179 0.817822 0.002478 0.098007 0.004467
0.051286 0.037156 0.098528 0.404043 0.072964 0.316823 0.019201
0.575043 0.000086 0.161642 0.000692 0.021655 0.240291 0.000591
0.513260 0.001906 0.304249 0.021646 0.020523 0.101648 0.036768
0.027842 0.005916 0.364615 0.006803 0.009878 0.574415 0.010532
0.112347 0.003234 0.098448 0.016189 0.175247 0.586995 0.007540
0.006258 0.001586 0.151257 0.002394 0.201592 0.636325 0.000590
0.031622 0.004879 0.189892 0.014661 0.427983 0.154803 0.176160
0.128658 0.005494 0.066495 0.428591 0.082193 0.277889 0.010681
0.062863 0.000476 0.021013 0.468554 0.010229 0.436611 0.000253
0.322585 0.014631 0.047518 0.216753 0.111227 0.234205 0.053080
0.007668 0.000237 0.304739 0.004715 0.045121 0.607719 0.029801
0.420699 0.003513 0.009354 0.417433 0.058870 0.089096 0.001036
0.022024 0.004926 0.146653 0.570679 0.013169 0.108372 0.134177
0.005984 0.000030 0.027465 0.006910 0.038251 0.921145 0.000215
0.028766 0.002327 0.120906 0.001067 0.213266 0.632291 0.001378
0.026159 0.003337 0.142956 0.022039 0.007952 0.766649 0.030909
0.048635 0.001837 0.021233 0.197139 0.497643 0.221059 0.012453
0.004430 0.039018 0.070066 0.119542 0.011556 0.745824 0.009563
0.019880 0.003391 0.237467 0.005106 0.112608 0.619855 0.001694
0.054699 0.006894 0.097352 0.001445 0.014550 0.793261 0.031800
0.072404 0.000650 0.023597 0.703440 0.108782 0.061865 0.029263
0.008530 0.004226 0.609860 0.087374 0.007713 0.162635 0.119662
0.008533 0.051352 0.319777 0.000496 0.094293 0.508148 0.017401
0.003938 0.001054 0.057713 0.004435 0.434766 0.490343 0.007751
0.109803 0.002842 0.256376 0.140902 0.257291 0.225976 0.006810
0.020950 0.033330 0.155763 0.001913 0.033400 0.753578 0.001065
0.003452 0.000073 0.119491 0.025325 0.009814 0.821726 0.020120
0.042228 0.004800 0.098728 0.187110 0.065097 0.589744 0.012293
0.232635 0.004447 0.069651 0.214656 0.223596 0.247875 0.007140
0.054610 0.001140 0.017417 0.186568 0.068252 0.667418 0.004594
0.027443 0.000263 0.123957 0.474243 0.093678 0.276115 0.004301
0.066394 0.017060 0.068849 0.056001 0.076643 0.701981 0.013071
0.047097 0.020186 0.023720 0.004234 0.835573 0.069125 0.000064
0.818003 0.078791 0.078982 0.004736 0.003922 0.015045 0.000521
0.063690 0.005852 0.015944 0.678171 0.178954 0.051473 0.005917
0.048585 0.001228 0.015827 0.007706 0.635115 0.279265 0.012275
0.015414 0.000026 0.000799 0.727847 0.014809 0.240729 0.000376
0.012132 0.000205 0.325062 0.104193 0.234058 0.319040 0.005311
0.038242 0.000593 0.003938 0.541077 0.271255 0.134109 0.010786
0.054593 0.012425 0.247173 0.086622 0.015202 0.371204 0.212782
0.006526 0.000612 0.071207 0.068987 0.447493 0.403919 0.001257
0.019628 0.000505 0.061044 0.029626 0.035072 0.826340 0.027785
0.024335 0.008283 0.039968 0.445503 0.149238 0.330454 0.002218
0.105251 0.004914 0.035727 0.035243 0.013049 0.803725 0.002092
0.011822 0.000370 0.090780 0.510978 0.202761 0.178919 0.004369
0.037511 0.010909 0.186122 0.010907 0.281168 0.449028 0.024354
0.007312 0.000582 0.004477 0.914924 0.065566 0.005099 0.002039
0.041968 0.000143 0.041722 0.000010 0.814734 0.093822 0.007599
0.067082 0.007463 0.011182 0.766093 0.038332 0.103092 0.006756
0.143794 0.004725 0.009881 0.086518 0.299217 0.427211 0.028654
0.127087 0.005157 0.450420 0.106084 0.016179 0.181962 0.113110
0.378996 0.025055 0.308910 0.019780 0.027807 0.220921 0.018532
0.022622 0.132733 0.226267 0.234919 0.170143 0.186629 0.026687
0.001659 0.000046 0.019332 0.281179 0.053244 0.643553 0.000988
0.339841 0.000750 0.048686 0.032085 0.021386 0.383918 0.173334
0.856300 0.000104 0.036219 0.015937 0.055765 0.034920 0.000755
0.299387 0.055328 0.102502 0.479156 0.016025 0.042681 0.004921
0.745268 0.000814 0.026675 0.000200 0.004947 0.221943 0.000153
0.119281 0.000005 0.020811 0.000847 0.012324 0.846705 0.000026
0.070077 0.003255 0.184968 0.529004 0.072754 0.075321 0.064620
0.010230 0.035909 0.095890 0.054614 0.157229 0.507223 0.138904
0.001294 0.000298 0.009404 0.747393 0.037658 0.199362 0.004590
0.002444 0.000062 0.070145 0.034498 0.059458 0.832420 0.000972
0.252014 0.000057 0.170950 0.057233 0.243771 0.257985 0.017991
0.055755 0.002476 0.018215 0.283367 0.292392 0.345492 0.002303
0.004947 0.002062 0.888737 0.000234 0.013047 0.087352 0.003620
0.005814 0.000032 0.086760 0.059396 0.167289 0.409512 0.271197
0.346922 0.001221 0.020487 0.011243 0.500784 0.117897 0.001445
0.017044 0.001934 0.040669 0.004585 0.922288 0.012344 0.001137
0.020348 0.014454 0.039276 0.009962 0.450056 0.454816 0.011088
0.114900 0.019998 0.257838 0.002386 0.194417 0.403672 0.006789
0.225098 0.003314 0.081904 0.243062 0.086147 0.354843 0.005631
0.242691 0.018831 0.012705 0.038864 0.167797 0.506643 0.012470
0.001164 0.000946 0.052588 0.626938 0.012506 0.201512 0.104346
0.016618 0.008350 0.542781 0.022958 0.057001 0.330764 0.021527
0.024153 0.013919 0.119662 0.045986 0.076003 0.719674 0.000604
0.019007 0.001168 0.251432 0.197592 0.019313 0.511387 0.000101
0.064382 0.002614 0.015325 0.001478 0.057893 0.851778 0.006530
0.002192 0.022642 0.115052 0.084160 0.003184 0.768890 0.003881
0.021089 0.003497 0.034911 0.021635 0.183698 0.733245 0.001925
0.028306 0.003538 0.073750 0.260953 0.181293 0.449336 0.002824
0.037537 0.002424 0.365477 0.031090 0.332624 0.212184 0.018664
0.354355 0.000090 0.030252 0.002315 0.029406 0.583561 0.000021
0.015951 0.002113 0.005108 0.088199 0.681749 0.206256 0.000624
0.141274 0.005300 0.068169 0.229793 0.132551 0.384477 0.038435
0.351985 0.279772 0.036836 0.003216 0.046338 0.237891 0.043963
0.042161 0.000712 0.021110 0.122522 0.011221 0.802080 0.000194
0.046149 0.000756 0.021745 0.004399 0.675793 0.226007 0.025150
0.022518 0.000867 0.503876 0.266379 0.068573 0.029956 0.107831
0.013135 0.012181 0.056153 0.882128 0.004280 0.031966 0.000156
0.003148 0.027331 0.005447 0.396625 0.275901 0.291190 0.000358
0.063604 0.002571 0.073175 0.496955 0.074361 0.127991 0.161343
0.007997 0.001579 0.127659 0.684207 0.009328 0.168838 0.000392
0.169437 0.012655 0.160564 0.090088 0.094872 0.379375 0.093009
0.054786 0.014354 0.435178 0.015447 0.068525 0.409433 0.002278
0.000785 0.000138 0.078538 0.782727 0.021668 0.103737 0.012406
0.030574 0.001815 0.137639 0.035063 0.446137 0.329349 0.019425
0.018663 0.001166 0.218449 0.204395 0.000867 0.556401 0.000059
0.113763 0.000582 0.009163 0.028146 0.189177 0.659150 0.000019
0.035359 0.000070 0.105779 0.000725 0.325998 0.529462 0.002607
0.024457 0.001403 0.165318 0.015905 0.074913 0.588683 0.129322
0.093470 0.000040 0.034753 0.557532 0.216240 0.083163 0.014803
0.034986 0.001193 0.369564 0.289606 0.020433 0.222534 0.061685
0.230596 0.001801 0.109970 0.302720 0.020804 0.332861 0.001248
0.036155 0.005363 0.005521 0.000916 0.333196 0.618313 0.000535
0.000870 0.003929 0.055915 0.018588 0.027423 0.876716 0.016558
0.105754 0.018376 0.579145 0.153091 0.055417 0.052572 0.035644
0.031078 0.002574 0.145570 0.001212 0.005615 0.813578 0.000373
0.106999 0.001286 0.107493 0.219646 0.090823 0.299276 0.174477
0.577215 0.003800 0.078131 0.005559 0.031937 0.283481 0.019878
0.055322 0.004587 0.269945 0.327302 0.010094 0.319912 0.012838
0.145166 0.016963 0.493776 0.000746 0.102567 0.225814 0.014969
0.124543 0.044411 0.508658 0.005676 0.054948 0.210442 0.051322
0.120341 0.004259 0.190048 0.059332 0.122951 0.502024 0.001046
0.045860 0.003023 0.108520 0.114611 0.163375 0.397742 0.166868
0.006261 0.004384 0.604065 0.016947 0.053971 0.314128 0.000244
0.004147 0.003086 0.169387 0.018340 0.629203 0.175623 0.000214
0.004603 0.000391 0.209292 0.000262 0.198967 0.452126 0.134360
0.624356 0.000026 0.020325 0.289502 0.044445 0.010324 0.011023
0.001906 0.000263 0.002154 0.593384 0.056611 0.345236 0.000446
0.135879 0.001823 0.128450 0.000234 0.073853 0.659498 0.000264
0.051989 0.004664 0.073506 0.003478 0.591449 0.273942 0.000972
0.047810 0.001101 0.045476 0.102833 0.041208 0.760614 0.000958
0.122727 0.002329 0.200800 0.332724 0.089180 0.244353 0.007886
0.018749 0.001635 0.753935 0.012521 0.008022 0.163011 0.042128
0.005272 0.000077 0.005749 0.021575 0.028180 0.938418 0.000730
0.300040 0.000825 0.106206 0.036200 0.067668 0.482190 0.006871
0.090740 0.005360 0.139794 0.016402 0.266815 0.354525 0.126365
0.028855 0.001893 0.042325 0.010379 0.009398 0.907104 0.000046
0.022001 0.032827 0.086203 0.003024 0.555707 0.299957 0.000281
0.484770 0.001369 0.028011 0.137616 0.156826 0.168222 0.023186
0.189769 0.065443 0.226648 0.030052 0.072954 0.271192 0.143942
0.072090 0.003493 0.029854 0.299965 0.074366 0.454999 0.065233
0.052658 0.002356 0.162140 0.004343 0.354721 0.300612 0.123169
0.040302 0.003579 0.010561 0.794688 0.029789 0.032355 0.088727
0.170583 0.002442 0.064223 0.073116 0.035559 0.652777 0.001301
0.000682 0.000087 0.021717 0.000247 0.810524 0.166528 0.000214
0.026635 0.001723 0.025976 0.331395 0.246024 0.347103 0.021145
0.020431 0.001863 0.044195 0.000279 0.687717 0.240240 0.005275
0.178793 0.000133 0.087753 0.089539 0.109872 0.413408 0.120503
0.024709 0.004666 0.268443 0.022273 0.012837 0.654373 0.012698
0.000660 0.000630 0.015318 0.004358 0.012953 0.965600 0.000481
0.470563 0.000481 0.156495 0.026945 0.238925 0.102124 0.004466
0.014291 0.000971 0.714454 0.002426 0.108214 0.117556 0.042087
