0.025983 0.010013 0.180408 0.035668 0.179435 0.567782 0.000710
0.004745 0.001059 0.011715 0.007051 0.227164 0.742903 0.005364
0.143217 0.013380 0.299032 0.277148 0.231434 0.030882 0.004908
0.002781 0.000299 0.016095 0.011090 0.946655 0.016989 0.006091
0.056325 0.006296 0.582087 0.002661 0.023164 0.304793 0.024673
0.022995 0.001226 0.094737 0.078450 0.166686 0.561949 0.073957
0.117542 0.000661 0.050673 0.724283 0.037962 0.066289 0.002590
0.015018 0.000126 0.202430 0.054153 0.309084 0.416079 0.003110
0.000235 0.009497 0.006923 0.000523 0.930673 0.051005 0.001144
0.109364 0.000217 0.136006 0.286392 0.315851 0.039840 0.112329
0.026773 0.002017 0.011816 0.734447 0.142702 0.062487 0.019757
0.185858 0.491622 0.019773 0.061317 0.031969 0.205227 0.004234
0.017516 0.005724 0.074013 0.269880 0.506355 0.120042 0.006469
0.065899 0.000901 0.226748 0.030283 0.639671 0.035434 0.001064
0.102325 0.000893 0.021226 0.002085 0.737332 0.134697 0.001442
0.017720 0.000201 0.321800 0.257497 0.225310 0.016452 0.161019
0.002305 0.000459 0.088898 0.011644 0.767128 0.102563 0.027002
0.092340 0.003750 0.046068 0.010548 0.436389 0.408996 0.001909
0.439699 0.000156 0.240991 0.297401 0.015137 0.006093 0.000523
0.152820 0.125647 0.055240 0.510189 0.096327 0.046990 0.012787
0.013382 0.001415 0.006601 0.810024 0.090919 0.069839 0.007821
0.000388 0.000004 0.001385 0.966340 0.020400 0.011348 0.000135
0.027879 0.000521 0.000820 0.018311 0.945568 0.006860 0.000041
0.264927 0.046872 0.105672 0.012738 0.177797 0.364814 0.027180
0.001491 0.002424 0.182405 0.746906 0.062034 0.002654 0.002087
0.002683 0.000681 0.030175 0.049973 0.539324 0.376867 0.000297
0.337981 0.001314 0.050532 0.027010 0.330846 0.250639 0.001678
0.155617 0.005910 0.166139 0.033156 0.576365 0.062557 0.000257
0.048892 0.065740 0.083259 0.105946 0.130662 0.510511 0.054990
0.016833 0.005004 0.009420 0.001772 0.928353 0.024137 0.014481
0.061121 0.002267 0.019108 0.099602 0.534574 0.218079 0.065250
0.011490 0.005575 0.119487 0.120792 0.447392 0.265046 0.030217
0.003776 0.000212 0.330299 0.412592 0.241723 0.003810 0.007588
0.004020 0.000263 0.041696 0.070165 0.132655 0.747539 0.003662
0.159746 0.003556 0.034413 0.620469 0.133057 0.043845 0.004913
0.041773 0.010910 0.032125 0.357417 0.324673 0.233095 0.000007
0.372462 0.002402 0.035396 0.060280 0.302019 0.226877 0.000564
0.062459 0.052590 0.009817 0.003165 0.849330 0.016613 0.006026
0.156442 0.008244 0.031768 0.331061 0.013120 0.422265 0.037099
0.089101 0.001747 0.050325 0.066296 0.222166 0.565170 0.005196
0.014952 0.000326 0.336317 0.007401 0.423564 0.211294 0.006147
0.045060 0.000226 0.017423 0.704427 0.188907 0.038347 0.005610
0.126366 0.002553 0.560697 0.001587 0.167072 0.131254 0.010470
0.255157 0.441555 0.032955 0.000599 0.035664 0.233796 0.000273
0.056700 0.017999 0.055750 0.036886 0.608896 0.214353 0.009415
0.018165 0.001801 0.046419 0.004249 0.889162 0.035158 0.005046
0.004074 0.000187 0.335550 0.015007 0.324661 0.319853 0.000667
0.133931 0.003315 0.015279 0.360355 0.390569 0.085479 0.011072
0.040425 0.011051 0.648816 0.025990 0.078628 0.122464 0.072626
0.019034 0.000737 0.011294 0.157796 0.774782 0.036066 0.000289
0.001828 0.000848 0.007972 0.051203 0.228316 0.707110 0.002723
0.007225 0.000065 0.000494 0.011986 0.964933 0.002494 0.012802
0.128370 0.003766 0.026418 0.135456 0.087544 0.479157 0.139288
0.354747 0.022223 0.013926 0.002595 0.157801 0.437670 0.011039
0.121322 0.002299 0.087041 0.056529 0.706347 0.021115 0.005346
0.041911 0.000521 0.210696 0.072879 0.058449 0.597465 0.018079
0.322869 0.000825 0.026748 0.127868 0.141019 0.369314 0.011357
0.242800 0.007514 0.011022 0.399061 0.055599 0.224994 0.059010
0.013449 0.000016 0.064247 0.000656 0.711507 0.118862 0.091263
0.055115 0.019351 0.008893 0.018405 0.763550 0.134231 0.000454
0.045562 0.000711 0.015026 0.266147 0.338039 0.311512 0.023004
0.015582 0.001855 0.114657 0.011875 0.812318 0.042119 0.001595
0.064151 0.000214 0.076148 0.008441 0.588017 0.248418 0.014611
0.025754 0.032527 0.052218 0.078765 0.356845 0.446870 0.007021
0.011919 0.000735 0.000773 0.010007 0.819198 0.156677 0.000692
0.017147 0.018374 0.666913 0.006556 0.123106 0.099237 0.068666
0.059615 0.000475 0.013868 0.797900 0.041553 0.085577 0.001013
0.145587 0.004899 0.200221 0.005046 0.567102 0.074401 0.002744
0.231558 0.000537 0.012121 0.352082 0.226564 0.173722 0.003417
0.044811 0.011512 0.188415 0.013651 0.059667 0.265789 0.416155
0.000044 0.000137 0.002634 0.002968 0.994084 0.000116 0.000017
0.945475 0.001782 0.023729 0.008260 0.010775 0.007893 0.002085
0.002324 0.000014 0.013238 0.006005 0.016469 0.957045 0.004906
0.050536 0.000220 0.017873 0.055890 0.638083 0.230041 0.007357
0.035192 0.000344 0.051729 0.527719 0.216881 0.133733 0.034403
0.018019 0.004566 0.019400 0.266896 0.493813 0.131578 0.065729
0.008752 0.000201 0.022972 0.000989 0.952240 0.010119 0.004726
0.029950 0.001988 0.049231 0.376238 0.125422 0.412182 0.004989
0.018262 0.016456 0.677932 0.051577 0.168883 0.041029 0.025862
0.036402 0.000505 0.452215 0.275652 0.105280 0.115751 0.014195
0.001681 0.000670 0.049634 0.000783 0.137939 0.808427 0.000866
0.115382 0.002016 0.257014 0.029445 0.483101 0.071412 0.041630
0.106288 0.000525 0.101636 0.152167 0.167264 0.470266 0.001855
0.178374 0.007974 0.041949 0.001474 0.205476 0.529238 0.035515
0.063908 0.001102 0.002113 0.031339 0.853114 0.045175 0.003250
0.158792 0.008140 0.025595 0.065106 0.407766 0.265170 0.069431
0.026307 0.005369 0.016079 0.712166 0.073411 0.166137 0.000530
0.026684 0.004628 0.302422 0.013992 0.448055 0.168353 0.035866
0.027702 0.005893 0.085723 0.006065 0.842423 0.026234 0.005959
0.032852 0.062953 0.039290 0.000772 0.824093 0.039646 0.000393
0.027888 0.000539 0.006357 0.363597 0.535708 0.060228 0.005683
0.012933 0.006462 0.297667 0.000532 0.472627 0.206682 0.003097
0.001123 0.001178 0.019387 0.850989 0.073751 0.051813 0.001759
0.000322 0.000013 0.000042 0.003141 0.986468 0.010006 0.000008
0.056043 0.001407 0.001126 0.031012 0.176567 0.730956 0.002890
0.223228 0.000608 0.091546 0.024960 0.013308 0.636047 0.010305
0.252849 0.007896 0.016975 0.375512 0.074692 0.265806 0.006269
0.013029 0.000022 0.116729 0.025815 0.786690 0.054972 0.002744
0.021514 0.032253 0.096696 0.003853 0.726558 0.035224 0.083902
0.311062 0.001128 0.128972 0.209055 0.088735 0.256447 0.004601
0.001092 0.001769 0.007434 0.000747 0.839889 0.146809 0.002259
0.006394 0.009034 0.043243 0.831330 0.023890 0.082454 0.003655
0.105164 0.000069 0.024542 0.437208 0.010976 0.084240 0.337801
0.034359 0.000351 0.045685 0.025162 0.048181 0.843203 0.003059
0.299778 0.001717 0.009006 0.288728 0.086321 0.313406 0.001044
0.001787 0.000566 0.015495 0.009106 0.726796 0.239820 0.006430
0.317804 0.001241 0.163541 0.001608 0.130682 0.379587 0.005537
0.031145 0.004069 0.176729 0.066238 0.253914 0.467465 0.000441
0.012220 0.004030 0.091305 0.106762 0.741880 0.043080 0.000723
0.006513 0.000090 0.009915 0.021723 0.163793 0.797311 0.000655
0.093448 0.000116 0.464536 0.102360 0.103122 0.109727 0.126691
0.017664 0.000812 0.041401 0.035987 0.885081 0.018623 0.000433
0.007040 0.000504 0.019411 0.004987 0.919768 0.044000 0.004290
0.072646 0.000541 0.133156 0.052463 0.549127 0.190339 0.001727
0.256308 0.006313 0.018909 0.010798 0.584365 0.122878 0.000430
0.006955 0.000011 0.070585 0.001014 0.039210 0.882205 0.000020
0.165451 0.005023 0.010280 0.144114 0.504440 0.168887 0.001805
0.087623 0.001355 0.094464 0.204640 0.013740 0.597334 0.000844
0.002511 0.000521 0.002194 0.001939 0.682158 0.275833 0.034845
0.364732 0.361990 0.046718 0.001306 0.100445 0.124039 0.000771
0.010732 0.000354 0.001708 0.817055 0.167881 0.002055 0.000215
0.010778 0.002789 0.064746 0.577724 0.240846 0.102256 0.000861
0.468151 0.072797 0.276911 0.009730 0.092264 0.073188 0.006959
0.006768 0.000377 0.040886 0.007219 0.726651 0.215650 0.002450
0.134127 0.004276 0.211963 0.338021 0.047388 0.261211 0.003014
0.016617 0.000777 0.002605 0.906370 0.002783 0.070092 0.000756
0.044501 0.001482 0.027019 0.043044 0.484887 0.388169 0.010898
0.062980 0.005554 0.013240 0.677803 0.125419 0.112798 0.002205
0.250905 0.001978 0.202576 0.039954 0.399863 0.047005 0.057719
0.278422 0.002111 0.075536 0.017749 0.127306 0.493726 0.005150
0.220830 0.005038 0.242302 0.109078 0.054713 0.367309 0.000730
0.014034 0.001151 0.004617 0.007028 0.867568 0.101425 0.004176
0.268139 0.021250 0.548426 0.011111 0.089603 0.003912 0.057559
0.006356 0.000320 0.137027 0.028266 0.059422 0.020751 0.747858
0.033852 0.005771 0.309401 0.002272 0.525786 0.120225 0.002694
0.170393 0.000407 0.018733 0.457165 0.094797 0.172948 0.085557
0.010559 0.000689 0.014755 0.001216 0.935188 0.032439 0.005154
0.025695 0.001757 0.005901 0.107910 0.722534 0.135917 0.000286
0.006638 0.020492 0.003762 0.003475 0.934723 0.030642 0.000268
0.053540 0.000028 0.065048 0.791686 0.003692 0.078599 0.007406
0.017563 0.000325 0.494923 0.014544 0.109733 0.341445 0.021466
0.429466 0.008331 0.156504 0.003555 0.197721 0.181186 0.023236
0.188683 0.000062 0.016757 0.169916 0.065927 0.557115 0.001541
0.171910 0.015270 0.060017 0.076935 0.136391 0.428772 0.110705
0.276158 0.007588 0.030120 0.357700 0.026569 0.191878 0.109987
0.001274 0.000633 0.181443 0.017487 0.548305 0.235011 0.015848
0.073155 0.000483 0.009267 0.003211 0.729832 0.180632 0.003419
0.063852 0.000276 0.039794 0.225889 0.205141 0.464617 0.000431
0.011575 0.006813 0.296442 0.243161 0.233942 0.041514 0.166554
0.125013 0.001127 0.276089 0.092423 0.104541 0.326473 0.074335
0.012655 0.000336 0.012789 0.324131 0.053702 0.588808 0.007580
0.030207 0.002026 0.490017 0.164756 0.030727 0.156517 0.125750
0.658088 0.013234 0.009574 0.002590 0.069734 0.245912 0.000868
0.010716 0.005678 0.003221 0.029479 0.736572 0.207100 0.007235
0.012234 0.046409 0.001179 0.002038 0.762864 0.175246 0.000030
0.148277 0.002217 0.034271 0.000217 0.472595 0.342347 0.000076
0.032860 0.000809 0.101828 0.027147 0.160371 0.618565 0.058422
0.012924 0.000811 0.022460 0.323616 0.048139 0.583970 0.008079
0.048723 0.017994 0.039569 0.464859 0.356079 0.068854 0.003922
0.026375 0.000189 0.613562 0.011578 0.027291 0.319396 0.001610
0.002199 0.001082 0.020497 0.114105 0.690211 0.170092 0.001815
0.005777 0.001642 0.066124 0.021552 0.193354 0.708488 0.003063
0.014521 0.000251 0.351257 0.017075 0.041729 0.574234 0.000934
0.068010 0.001279 0.013267 0.310862 0.247217 0.358925 0.000440
0.233163 0.005883 0.220926 0.231271 0.068876 0.214317 0.025564
0.028128 0.001371 0.533045 0.126882 0.149126 0.159058 0.002390
0.002017 0.000016 0.270746 0.421387 0.012294 0.281284 0.012256
0.158029 0.351198 0.135735 0.177033 0.015583 0.157565 0.004858
0.117044 0.004011 0.037643 0.511892 0.309134 0.017922 0.002355
0.032489 0.000414 0.245928 0.000652 0.447393 0.085015 0.188109
0.293899 0.004007 0.174136 0.028151 0.402871 0.051576 0.045360
0.092930 0.004412 0.106525 0.000932 0.675393 0.119732 0.000076
0.010869 0.001156 0.021775 0.038716 0.744603 0.177275 0.005607
0.006186 0.000164 0.171455 0.001096 0.072597 0.747742 0.000759
0.213190 0.000455 0.057940 0.396621 0.252259 0.060940 0.018594
0.071545 0.104846 0.141625 0.260489 0.123648 0.283999 0.013848
0.049057 0.012296 0.260297 0.015360 0.235436 0.426140 0.001414
0.228245 0.001453 0.079707 0.407846 0.047932 0.188112 0.046706
0.235284 0.072588 0.012515 0.049293 0.594666 0.034403 0.001251
0.000480 0.000175 0.000133 0.998441 0.000483 0.000142 0.000146
0.496608 0.000177 0.082464 0.004373 0.259870 0.118112 0.038396
0.055083 0.000104 0.223470 0.354365 0.300956 0.064501 0.001520
0.025777 0.001234 0.083891 0.693891 0.057381 0.116265 0.021560
0.046326 0.000186 0.004870 0.164435 0.728436 0.049495 0.006252
0.036469 0.006648 0.443704 0.145425 0.293281 0.036834 0.037640
0.036165 0.000213 0.004240 0.091366 0.859322 0.008667 0.000029
0.219330 0.002741 0.039059 0.012505 0.233847 0.484835 0.007683
0.282760 0.050990 0.156177 0.200589 0.082324 0.147270 0.079889
0.011193 0.000686 0.004925 0.887909 0.034777 0.059632 0.000878
0.037490 0.008266 0.046583 0.161094 0.621408 0.123725 0.001434
0.306661 0.007750 0.240682 0.233102 0.082831 0.097378 0.031598
0.012936 0.000204 0.009811 0.009425 0.342382 0.625028 0.000215
0.004008 0.000212 0.721543 0.000295 0.072802 0.158115 0.043025
0.002127 0.000250 0.181925 0.186353 0.059920 0.563308 0.006117
0.018740 0.000211 0.099816 0.049614 0.178841 0.652772 0.000006
0.015702 0.004745 0.046682 0.396196 0.366030 0.153690 0.016955
0.018451 0.000721 0.226761 0.116656 0.595765 0.038842 0.002805
0.003371 0.003041 0.020679 0.076854 0.612287 0.246979 0.036789
0.091502 0.017289 0.437837 0.008398 0.093693 0.200775 0.150507
0.045731 0.003713 0.356646 0.010057 0.439779 0.142755 0.001319
0.000764 0.000038 0.000923 0.979591 0.001453 0.016439 0.000792
0.003871 0.000991 0.007824 0.026929 0.919152 0.039170 0.002064
0.008977 0.001691 0.042160 0.226147 0.388494 0.330777 0.001755
0.046436 0.000003 0.001204 0.131632 0.208692 0.605386 0.006647
0.015243 0.002652 0.034953 0.052624 0.879415 0.014128 0.000985
0.027089 0.009835 0.098187 0.208031 0.306413 0.332634 0.017810
0.042531 0.000462 0.455670 0.006273 0.433986 0.031150 0.029928
0.171809 0.001732 0.073408 0.185974 0.251772 0.308820 0.006485
0.021457 0.001284 0.018411 0.038474 0.649307 0.266983 0.004084
0.040871 0.001617 0.347310 0.023640 0.114607 0.414032 0.057924
0.069344 0.000121 0.088662 0.513527 0.214648 0.040913 0.072785
0.035285 0.003929 0.221751 0.028523 0.441886 0.260298 0.008327
0.014074 0.050591 0.195908 0.035501 0.342554 0.321740 0.039633
0.012031 0.000990 0.034523 0.148002 0.496019 0.306208 0.002227
0.171710 0.000962 0.005920 0.241586 0.316599 0.258501 0.004721
0.014640 0.027966 0.366603 0.004801 0.404197 0.181310 0.000483
0.174767 0.001577 0.144718 0.018734 0.082673 0.573598 0.003932
0.004734 0.002072 0.020983 0.827512 0.060828 0.081189 0.002681
0.028038 0.000110 0.123948 0.203326 0.184396 0.458720 0.001462
0.091849 0.000771 0.009067 0.047626 0.823759 0.020251 0.006676
0.006177 0.001112 0.112247 0.008528 0.771583 0.097641 0.002711
0.084603 0.004411 0.045983 0.274796 0.273317 0.310299 0.006591
0.006693 0.000777 0.113561 0.014683 0.691800 0.059790 0.112696
0.062672 0.000539 0.271042 0.134037 0.376945 0.106429 0.048335
0.068279 0.000014 0.203158 0.117085 0.133987 0.464476 0.013001
0.001207 0.012207 0.123342 0.021480 0.760819 0.078494 0.002451
0.007870 0.000217 0.047662 0.005515 0.371604 0.562851 0.004280
0.033466 0.002108 0.068368 0.326634 0.507132 0.028076 0.034217
0.016278 0.001606 0.003970 0.233102 0.664341 0.076925 0.003778
0.299329 0.000181 0.036189 0.133447 0.422544 0.103626 0.004684
0.134967 0.014258 0.142076 0.051609 0.514026 0.141618 0.001446
0.006413 0.006491 0.023138 0.160340 0.695256 0.098377 0.009985
0.013208 0.011858 0.054357 0.005238 0.603115 0.270157 0.042067
0.029489 0.033123 0.409496 0.305303 0.081828 0.139249 0.001511
0.078550 0.005780 0.199925 0.526024 0.126507 0.040156 0.023057
0.002093 0.000230 0.453494 0.051062 0.087998 0.018473 0.386651
0.009478 0.001314 0.011708 0.004282 0.733715 0.237215 0.002289
0.066940 0.042114 0.045589 0.383887 0.303008 0.146102 0.012361
0.104235 0.002303 0.082075 0.029350 0.461299 0.310077 0.010661
0.154555 0.005397 0.020264 0.023858 0.752626 0.042987 0.000313
0.092473 0.000280 0.368386 0.084533 0.048361 0.208708 0.197261
0.053260 0.001141 0.505794 0.041420 0.155435 0.062975 0.179975
0.007196 0.000270 0.006194 0.015717 0.893686 0.075666 0.001272
0.092189 0.002357 0.625855 0.008647 0.088527 0.091222 0.091203
0.038655 0.000063 0.030605 0.099377 0.085334 0.742494 0.003472
0.323167 0.005129 0.188206 0.397057 0.004264 0.078044 0.004134
0.011613 0.001659 0.039974 0.015668 0.868397 0.039677 0.023011
0.007070 0.004873 0.277600 0.068886 0.023075 0.617941 0.000555
0.010681 0.010280 0.054414 0.015354 0.874074 0.017850 0.017347
0.008991 0.023699 0.075048 0.001201 0.794553 0.037283 0.059226
0.273711 0.221875 0.049181 0.046898 0.058543 0.349767 0.000026
0.178857 0.007515 0.325398 0.083317 0.308833 0.080925 0.015155
0.043035 0.003734 0.021821 0.648707 0.034633 0.210728 0.037343
0.282698 0.008922 0.011426 0.102525 0.170900 0.420333 0.003197
0.241714 0.012411 0.136386 0.399328 0.019039 0.189384 0.001739
0.195823 0.006857 0.025287 0.370052 0.278048 0.121102 0.002832
0.092175 0.001339 0.002161 0.114301 0.137743 0.647618 0.004662
0.017385 0.003880 0.433418 0.195781 0.040922 0.152999 0.155615
0.031322 0.002788 0.041623 0.322122 0.548195 0.042815 0.011136
0.070812 0.016092 0.001758 0.030887 0.203084 0.676836 0.000531
0.007615 0.000496 0.545407 0.000723 0.037158 0.075856 0.332744
0.128829 0.089867 0.125808 0.072616 0.220661 0.176870 0.185350
0.011545 0.000221 0.027228 0.555786 0.017443 0.386711 0.001065
0.130064 0.002928 0.084135 0.032147 0.092051 0.653499 0.005176
0.102672 0.003062 0.006776 0.337744 0.534503 0.002782 0.012460
0.008560 0.000311 0.179286 0.001700 0.087034 0.721081 0.002028
0.048753 0.000719 0.023179 0.002180 0.840078 0.082829 0.002261
0.003918 0.011264 0.086071 0.030829 0.114775 0.752343 0.000799
0.108870 0.018215 0.269301 0.146533 0.051294 0.398411 0.007376
0.031768 0.009126 0.005392 0.002219 0.948982 0.002232 0.000282
0.022041 0.002811 0.026988 0.173025 0.498288 0.275970 0.000878
0.000296 0.000100 0.002729 0.002179 0.944777 0.012215 0.037704
0.052196 0.105436 0.418217 0.019567 0.142539 0.230531 0.031513
0.007896 0.003566 0.008056 0.058863 0.061395 0.858010 0.002214
0.004579 0.000634 0.003613 0.000152 0.974848 0.015816 0.000358
0.000619 0.000773 0.015430 0.001338 0.951512 0.029352 0.000975
0.004830 0.006542 0.237635 0.000324 0.644251 0.095651 0.010765
0.018639 0.001548 0.057119 0.017326 0.365916 0.538842 0.000609
0.069749 0.000555 0.059590 0.000443 0.392972 0.473300 0.003390
0.028603 0.000647 0.007735 0.013188 0.936151 0.011090 0.002585
0.001363 0.000827 0.831808 0.064642 0.001720 0.013564 0.086076
0.005745 0.004695 0.059634 0.401762 0.517026 0.004298 0.006840
0.031827 0.000835 0.326128 0.199980 0.277160 0.159259 0.004811
0.029357 0.000246 0.392794 0.152778 0.071374 0.350525 0.002926
0.214923 0.004542 0.024965 0.301606 0.395407 0.050333 0.008224
0.004713 0.000204 0.024463 0.022102 0.896517 0.051517 0.000484
0.092959 0.004205 0.077210 0.086804 0.633802 0.104212 0.000808
0.716036 0.000189 0.036685 0.019609 0.016108 0.197923 0.013450
0.020019 0.000550 0.178073 0.008849 0.656339 0.130015 0.006156
0.012891 0.017957 0.033200 0.784550 0.080955 0.046901 0.023547
0.032413 0.000488 0.336286 0.288951 0.072647 0.253128 0.016085
0.178662 0.006753 0.304173 0.005554 0.033453 0.444652 0.026753
0.094665 0.014324 0.102205 0.036211 0.357933 0.389323 0.005339
0.046998 0.006811 0.110995 0.644319 0.122560 0.027204 0.041113
0.002592 0.000289 0.003999 0.911071 0.054394 0.027437 0.000219
0.029921 0.001104 0.007865 0.186718 0.257805 0.515483 0.001105
0.001175 0.000127 0.029530 0.516618 0.235142 0.217403 0.000004
0.013867 0.001064 0.048200 0.103665 0.692922 0.059136 0.081145
0.008881 0.000946 0.556971 0.026221 0.209762 0.097816 0.099403
0.003979 0.008989 0.110115 0.093975 0.620119 0.124040 0.038782
0.019133 0.000942 0.003697 0.002620 0.785605 0.186296 0.001706
0.042407 0.001322 0.200343 0.008824 0.364504 0.013336 0.369264
0.003761 0.015637 0.101151 0.049103 0.417486 0.288269 0.124593
0.072043 0.000765 0.452856 0.096071 0.001269 0.363104 0.013892
0.156171 0.000592 0.021474 0.466103 0.079426 0.248330 0.027904
0.000707 0.002113 0.004299 0.001676 0.111093 0.879650 0.000462
0.129486 0.004192 0.081060 0.011955 0.503420 0.268091 0.001796
0.195491 0.002734 0.031619 0.048149 0.446900 0.272899 0.002209
0.003346 0.000171 0.241995 0.178374 0.303707 0.255625 0.016782
0.058832 0.000799 0.327529 0.171377 0.161975 0.191278 0.088211
0.006943 0.000190 0.111933 0.062754 0.580273 0.237676 0.000231
0.212573 0.003185 0.004144 0.666757 0.030776 0.074760 0.007806
0.489066 0.005362 0.020431 0.000289 0.459043 0.022608 0.003201
0.007947 0.016698 0.717655 0.083471 0.051871 0.112587 0.009770
0.023373 0.000096 0.505732 0.004094 0.094625 0.369990 0.002090
0.009405 0.002045 0.033439 0.479294 0.413874 0.050702 0.011241
0.019023 0.002997 0.066245 0.534670 0.185142 0.022113 0.169809
0.004012 0.002686 0.022456 0.056915 0.888549 0.015967 0.009415
0.007311 0.002747 0.609075 0.070737 0.002652 0.052130 0.255347
0.058075 0.021738 0.047914 0.179330 0.255191 0.436731 0.001022
0.224413 0.000122 0.017823 0.336326 0.199037 0.221027 0.001251
0.026307 0.005369 0.016079 0.712166 0.073411 0.166137 0.000530
0.091492 0.031445 0.008823 0.002555 0.296722 0.561430 0.007532
0.000270 0.000030 0.002508 0.001525 0.983248 0.010413 0.002007
0.026844 0.008643 0.705204 0.001162 0.087696 0.130554 0.039898
0.092567 0.006779 0.080897 0.039673 0.073691 0.684038 0.022354
0.007571 0.005136 0.043678 0.266479 0.568814 0.108215 0.000106
0.002986 0.000130 0.007438 0.003983 0.943425 0.041927 0.000112
0.087431 0.001062 0.049810 0.023382 0.031514 0.798385 0.008416
0.059586 0.003706 0.117637 0.377064 0.179214 0.248727 0.014067
0.000435 0.001356 0.002493 0.097317 0.842219 0.020350 0.035830
0.094746 0.014204 0.364011 0.193998 0.182196 0.021151 0.129695
0.043110 0.000678 0.030434 0.000425 0.373290 0.551254 0.000808
0.090772 0.000094 0.001525 0.717755 0.120051 0.069614 0.000188
0.016824 0.000846 0.014000 0.068242 0.886051 0.013102 0.000935
0.233798 0.002367 0.065532 0.527420 0.067218 0.069872 0.033793
0.006379 0.000101 0.130835 0.002881 0.698038 0.032660 0.129107
0.124844 0.042843 0.457027 0.039137 0.027428 0.280829 0.027893
0.019767 0.000969 0.189735 0.095746 0.035959 0.654853 0.002971
0.024378 0.004807 0.049542 0.004908 0.078751 0.828600 0.009014
0.021087 0.000904 0.014060 0.114286 0.804709 0.032823 0.012131
0.028782 0.003922 0.039867 0.004409 0.900133 0.021747 0.001140
0.027037 0.007037 0.013809 0.074550 0.863986 0.012578 0.001002
0.066395 0.017729 0.515864 0.042864 0.037583 0.071367 0.248197
0.002180 0.000027 0.088305 0.669971 0.235454 0.001861 0.002202
0.003665 0.000714 0.036344 0.000509 0.930125 0.027848 0.000795
0.007836 0.013114 0.322864 0.002942 0.114706 0.536794 0.001744
0.267749 0.008864 0.039709 0.012979 0.054033 0.616116 0.000550
0.051501 0.002136 0.407175 0.005721 0.115220 0.414363 0.003882
0.106322 0.008601 0.046561 0.625539 0.076509 0.114557 0.021911
0.010672 0.002739 0.176411 0.122072 0.057053 0.630503 0.000549
0.031131 0.011428 0.114675 0.422993 0.077866 0.305538 0.036369
0.006554 0.000820 0.012188 0.892157 0.062599 0.016528 0.009155
0.004000 0.000209 0.266362 0.001545 0.459339 0.264732 0.003812
0.056495 0.002516 0.193473 0.492856 0.135346 0.107735 0.011579
0.003234 0.000566 0.024080 0.018201 0.863844 0.069097 0.020978
0.010332 0.000510 0.058362 0.002604 0.887877 0.027602 0.012713
0.066953 0.001686 0.003337 0.746266 0.104099 0.070627 0.007032
0.009560 0.005506 0.068431 0.009439 0.748798 0.114116 0.044149
0.213404 0.005769 0.393290 0.001096 0.045860 0.232665 0.107916
0.038903 0.004146 0.565945 0.077444 0.062035 0.236217 0.015309
0.001677 0.000705 0.309985 0.002004 0.174050 0.424417 0.087163
0.190268 0.000035 0.000436 0.000558 0.722426 0.086270 0.000008
0.424039 0.027388 0.258565 0.046234 0.189307 0.022434 0.032033
0.158585 0.001276 0.055809 0.154082 0.487036 0.128021 0.015191
0.022669 0.005617 0.097754 0.106728 0.296859 0.440114 0.030259
0.008220 0.004571 0.010763 0.001727 0.660520 0.313909 0.000291
0.145300 0.006052 0.062318 0.401006 0.220544 0.146376 0.018406
0.105070 0.029682 0.036792 0.004968 0.234152 0.578547 0.010790
0.040739 0.001601 0.043106 0.000612 0.330482 0.583405 0.000055
0.045224 0.001612 0.539992 0.043067 0.104875 0.083711 0.181519
0.092371 0.078381 0.010073 0.313457 0.479080 0.020501 0.006137
0.009338 0.007729 0.544240 0.001300 0.027423 0.346314 0.063656
0.055537 0.015576 0.107222 0.113793 0.255186 0.373272 0.079415
0.029716 0.000528 0.022749 0.009639 0.901486 0.027379 0.008503
0.005410 0.001994 0.004851 0.035059 0.820767 0.126279 0.005641
0.065407 0.007408 0.221840 0.033328 0.603934 0.031495 0.036588
0.010328 0.001365 0.002554 0.013944 0.023966 0.947323 0.000519
0.001887 0.000699 0.019350 0.021366 0.925938 0.026757 0.004003
0.018904 0.005308 0.025892 0.465060 0.168691 0.301956 0.014188
0.191453 0.018319 0.030494 0.028962 0.486395 0.241901 0.002476
0.005602 0.000027 0.038899 0.003394 0.651318 0.282793 0.017967
0.003443 0.000471 0.000672 0.002191 0.964408 0.027727 0.001088
0.001416 0.000290 0.002504 0.000711 0.988737 0.006338 0.000004
0.002367 0.048179 0.144594 0.136737 0.539952 0.125241 0.002930
0.074841 0.025916 0.122836 0.000058 0.745275 0.027998 0.003076
0.012893 0.003887 0.147761 0.096622 0.057599 0.668461 0.012777
0.015099 0.000163 0.014502 0.002113 0.204752 0.760259 0.003111
0.006544 0.000175 0.002603 0.000963 0.936730 0.051890 0.001096
0.003916 0.000054 0.017535 0.015441 0.292362 0.668741 0.001950
0.007535 0.008954 0.200365 0.028091 0.006421 0.097901 0.650733
0.556103 0.001972 0.108666 0.075293 0.158223 0.096998 0.002745
0.005506 0.000041 0.386218 0.038376 0.482481 0.082969 0.004409
0.103573 0.003287 0.181947 0.035875 0.530006 0.126091 0.019221
0.024380 0.000488 0.014078 0.374280 0.404556 0.181133 0.001086
0.229832 0.002450 0.013273 0.001981 0.647223 0.101500 0.003741
0.007737 0.000902 0.003012 0.010303 0.211756 0.761149 0.005141
0.098993 0.000975 0.047074 0.026770 0.046727 0.779396 0.000064
0.007781 0.003726 0.182041 0.254572 0.386128 0.160611 0.005140
0.621195 0.000134 0.000871 0.000878 0.055558 0.317216 0.004148
0.060547 0.001990 0.020286 0.030484 0.066621 0.787823 0.032249
0.010739 0.000161 0.247225 0.162972 0.264972 0.237663 0.076269
0.004255 0.049573 0.018943 0.633977 0.187542 0.090762 0.014948
0.010440 0.064153 0.139176 0.001663 0.285554 0.485481 0.013533
0.003064 0.000754 0.013696 0.009012 0.730340 0.087514 0.155618
0.006803 0.001188 0.274787 0.089635 0.457850 0.148082 0.021655
0.150824 0.004478 0.524490 0.016904 0.082191 0.212562 0.008552
0.113328 0.008179 0.241292 0.118527 0.189459 0.270272 0.058943
0.001052 0.000085 0.005780 0.000961 0.265356 0.726575 0.000191
0.007634 0.000149 0.002163 0.952392 0.016741 0.020747 0.000173
0.063123 0.001802 0.006920 0.049329 0.682090 0.191106 0.005630
0.031742 0.007015 0.055891 0.051382 0.785050 0.068295 0.000624
0.026849 0.000614 0.036138 0.003597 0.876423 0.051960 0.004420
0.002410 0.000392 0.049829 0.081665 0.815100 0.047787 0.002818
0.056151 0.032014 0.012872 0.003733 0.266241 0.624959 0.004030
0.018608 0.000088 0.067640 0.034329 0.790990 0.086385 0.001961
0.004508 0.000243 0.193308 0.728455 0.036561 0.035027 0.001899
0.098226 0.001332 0.324714 0.095734 0.075208 0.281913 0.122872
0.025148 0.000741 0.903578 0.043936 0.002166 0.024413 0.000019
0.194791 0.033140 0.046440 0.004822 0.082837 0.628508 0.009462
0.017276 0.000586 0.039368 0.008004 0.902419 0.028239 0.004108
0.103184 0.015272 0.150691 0.001485 0.072862 0.650152 0.006355
0.018769 0.002297 0.057787 0.042772 0.483895 0.366656 0.027823
0.052674 0.000458 0.014217 0.048493 0.370277 0.513304 0.000577
0.255288 0.002154 0.030979 0.198886 0.084085 0.382331 0.046277
0.001559 0.000318 0.001902 0.096482 0.756912 0.138117 0.004710
0.084362 0.018102 0.217345 0.051628 0.075305 0.545248 0.008010
0.115724 0.006528 0.142004 0.062410 0.435652 0.136528 0.101153
0.094688 0.001027 0.002219 0.029952 0.525307 0.346243 0.000563
0.107350 0.010022 0.511938 0.013531 0.079096 0.028814 0.249249
0.014464 0.001854 0.400621 0.001701 0.206903 0.341384 0.033072
0.030434 0.008246 0.294471 0.011834 0.199783 0.046784 0.408448
0.001354 0.001265 0.123890 0.012807 0.145590 0.714539 0.000554
0.043705 0.002288 0.054719 0.254065 0.186639 0.322272 0.136312
0.225384 0.488765 0.048977 0.054170 0.105161 0.077281 0.000262
0.016730 0.000217 0.004276 0.722708 0.138404 0.108065 0.009600
0.006316 0.000205 0.020845 0.016136 0.927399 0.022740 0.006360
0.020901 0.090455 0.171192 0.001440 0.434890 0.279760 0.001361
0.006883 0.000910 0.092869 0.114928 0.238749 0.515931 0.029729
0.003606 0.000419 0.020614 0.013879 0.911161 0.049367 0.000954
0.115562 0.002380 0.012750 0.349650 0.030847 0.366062 0.122748
0.067653 0.000781 0.007610 0.064728 0.506558 0.350167 0.002504
0.053452 0.000307 0.076177 0.018284 0.552869 0.216588 0.082323
0.016039 0.004757 0.021656 0.033493 0.025571 0.855033 0.043450
0.011561 0.061101 0.356971 0.301149 0.065675 0.193811 0.009731
0.241720 0.000349 0.007310 0.053181 0.192101 0.503608 0.001732
0.003907 0.000678 0.024121 0.021393 0.842548 0.106760 0.000594
0.051497 0.023311 0.327720 0.024144 0.230805 0.319611 0.022912
0.056830 0.003344 0.054010 0.450585 0.093744 0.338846 0.002642
0.042583 0.007781 0.093682 0.156572 0.104665 0.593888 0.000830
0.045629 0.002464 0.145562 0.316941 0.209890 0.129369 0.150144
0.001967 0.007091 0.027884 0.036104 0.129202 0.789975 0.007778
0.015296 0.024192 0.360754 0.126714 0.151109 0.212289 0.109645
0.010297 0.008831 0.064029 0.015634 0.487963 0.411240 0.002006
0.005692 0.001952 0.035489 0.009561 0.905703 0.032726 0.008877
0.009623 0.004303 0.066713 0.127921 0.762379 0.015758 0.013303
0.003966 0.021056 0.024539 0.132736 0.615815 0.187698 0.014190
0.006802 0.004967 0.135644 0.000783 0.013386 0.837008 0.001410
0.135769 0.012585 0.110478 0.052093 0.056533 0.625510 0.007031
0.070117 0.083394 0.473481 0.064875 0.028246 0.229194 0.050692
0.080076 0.013086 0.364371 0.057984 0.207997 0.276172 0.000312
0.076121 0.004948 0.030618 0.447262 0.030297 0.410191 0.000562
0.066416 0.000230 0.007884 0.014708 0.691410 0.106929 0.112423
0.110294 0.000463 0.013861 0.210175 0.602299 0.044841 0.018067
0.259259 0.002461 0.028917 0.008211 0.437253 0.256165 0.007733
0.324083 0.000818 0.003745 0.007758 0.563202 0.092469 0.007926
0.058900 0.001847 0.058837 0.004666 0.218737 0.647804 0.009209
0.082345 0.000118 0.048855 0.677021 0.126735 0.064768 0.000159
0.224477 0.000559 0.010805 0.084327 0.271012 0.408645 0.000175
0.368421 0.000876 0.391919 0.000393 0.081330 0.123453 0.033607
0.030206 0.000392 0.091442 0.643807 0.027055 0.048537 0.158561
0.067447 0.020417 0.101171 0.426264 0.063091 0.032579 0.289030
0.222703 0.032007 0.096528 0.093109 0.220851 0.329098 0.005705
0.331811 0.093141 0.008002 0.134522 0.043346 0.369057 0.020120
0.285621 0.002983 0.008565 0.359770 0.120991 0.214583 0.007487
0.242878 0.001848 0.030056 0.193845 0.040124 0.295786 0.195462
0.002328 0.012617 0.062881 0.004074 0.758190 0.118227 0.041684
0.018544 0.000051 0.066534 0.318963 0.371082 0.117551 0.107275
0.234170 0.012218 0.128218 0.004147 0.319537 0.064904 0.236806
0.055118 0.036452 0.016721 0.049618 0.511084 0.242854 0.088154
0.421219 0.001130 0.003878 0.000725 0.116928 0.455675 0.000445
0.233186 0.004284 0.139388 0.002913 0.047738 0.076005 0.496487
0.010709 0.000379 0.168053 0.127804 0.594561 0.082004 0.016491
0.050503 0.000664 0.080912 0.117614 0.581499 0.164174 0.004634
0.003443 0.008931 0.070824 0.001262 0.732332 0.181999 0.001210
0.096592 0.005991 0.138038 0.239772 0.036012 0.482197 0.001399
0.001851 0.001914 0.068393 0.002071 0.849273 0.054530 0.021968
0.013943 0.000067 0.005227 0.003367 0.886050 0.089835 0.001512
0.019363 0.006479 0.083343 0.053811 0.382293 0.425063 0.029648
0.009113 0.039653 0.287514 0.040187 0.468984 0.107433 0.047117
0.012932 0.000566 0.011356 0.860861 0.009630 0.102712 0.001943
0.029358 0.000930 0.057075 0.175531 0.088477 0.641975 0.006655
0.187020 0.007289 0.036953 0.020496 0.062813 0.683825 0.001603
0.246091 0.000082 0.041215 0.089603 0.230739 0.386028 0.006242
0.042965 0.003861 0.009129 0.807036 0.031076 0.105830 0.000102
0.002895 0.006106 0.004304 0.026079 0.820993 0.131744 0.007878
0.050206 0.000093 0.013125 0.359347 0.306086 0.265972 0.005171
0.028919 0.000152 0.004628 0.187947 0.739351 0.038123 0.000879
0.000056 0.000008 0.000069 0.997121 0.000598 0.002105 0.000043
0.090823 0.000422 0.020044 0.043316 0.573636 0.267614 0.004145
0.262554 0.000702 0.011332 0.005286 0.647302 0.072411 0.000412
0.018730 0.010100 0.011459 0.073344 0.860813 0.024262 0.001291
0.073435 0.000454 0.345690 0.003606 0.073896 0.500898 0.002022
0.355287 0.005191 0.028102 0.246559 0.301921 0.049059 0.013881
0.010128 0.001738 0.037914 0.055727 0.511930 0.380000 0.002563
0.020982 0.005357 0.194831 0.210782 0.069626 0.216693 0.281731
0.022560 0.001273 0.062478 0.062762 0.771694 0.067474 0.011758
0.131517 0.119030 0.142667 0.069790 0.495736 0.035135 0.006125
0.005375 0.000378 0.024563 0.756678 0.080667 0.123678 0.008661
0.002189 0.002300 0.010799 0.060269 0.889093 0.034941 0.000408
0.047360 0.001439 0.066444 0.411960 0.097398 0.265493 0.109906
0.016611 0.002949 0.041569 0.007707 0.571267 0.359385 0.000512
0.044173 0.000405 0.198642 0.088980 0.399170 0.098193 0.170436
0.006440 0.000405 0.003979 0.006339 0.925690 0.055581 0.001566
0.064788 0.009295 0.005296 0.117961 0.057725 0.694287 0.050649
0.279983 0.051049 0.231404 0.154868 0.167907 0.053740 0.061049
0.285878 0.005127 0.068162 0.524503 0.040662 0.074056 0.001612
0.070024 0.038136 0.137643 0.002809 0.130088 0.620752 0.000547
0.280118 0.017291 0.052496 0.044414 0.352071 0.234352 0.019258
0.073897 0.000049 0.022578 0.002881 0.849815 0.043609 0.007171
0.793232 0.000134 0.009394 0.006290 0.043126 0.147546 0.000278
0.032754 0.002744 0.519242 0.054177 0.318549 0.043535 0.028999
0.019349 0.001770 0.452620 0.082724 0.006834 0.342481 0.094220
0.031879 0.043868 0.172340 0.061229 0.129906 0.560220 0.000559
0.247838 0.002189 0.002980 0.643460 0.088591 0.008375 0.006567
0.005241 0.001292 0.083819 0.154087 0.016670 0.735989 0.002902
0.104176 0.000387 0.003482 0.178294 0.019008 0.694633 0.000020
0.006278 0.003604 0.141126 0.056587 0.406012 0.384872 0.001521
0.030191 0.002041 0.209551 0.005636 0.694394 0.053678 0.004508
0.039744 0.002049 0.038785 0.670972 0.034527 0.199409 0.014514
0.031806 0.010314 0.091479 0.105890 0.447984 0.246525 0.066003
0.005296 0.005085 0.070617 0.008014 0.733525 0.174693 0.002771
0.006933 0.069027 0.341517 0.015368 0.524010 0.041393 0.001753
0.013161 0.000508 0.093648 0.282901 0.435649 0.171867 0.002265
0.131954 0.005066 0.044448 0.022906 0.136614 0.658203 0.000809
0.000788 0.000287 0.554781 0.000312 0.123700 0.319610 0.000522
0.033783 0.000341 0.001429 0.813088 0.008129 0.142688 0.000542
0.041837 0.001001 0.379717 0.206173 0.163329 0.180638 0.027304
0.037639 0.001151 0.093073 0.016382 0.481454 0.351582 0.018720
0.003280 0.003357 0.024408 0.000690 0.914170 0.049627 0.004469
0.079895 0.009377 0.171771 0.007274 0.184231 0.080518 0.466934
0.030019 0.018705 0.002974 0.009317 0.057972 0.879722 0.001290
0.272278 0.007114 0.020401 0.055382 0.437008 0.178397 0.029421
0.015680 0.056637 0.025199 0.042998 0.026464 0.829933 0.003088
0.503388 0.002920 0.041919 0.330631 0.094273 0.026537 0.000332
0.017173 0.010480 0.057933 0.008462 0.798294 0.105841 0.001817
0.018216 0.000347 0.011585 0.039958 0.775962 0.127934 0.025999
0.005996 0.000377 0.561290 0.001568 0.331920 0.081082 0.017765
0.118827 0.001091 0.022474 0.033438 0.178338 0.617926 0.027904
0.011373 0.051442 0.078304 0.011017 0.130390 0.715273 0.002201
0.006329 0.000412 0.008785 0.946045 0.025993 0.009031 0.003406
0.001243 0.000221 0.009446 0.919434 0.049938 0.018413 0.001306
0.182811 0.005240 0.152949 0.262994 0.261405 0.123633 0.010968
0.010653 0.000692 0.001048 0.304505 0.666715 0.016345 0.000041
0.474186 0.006887 0.010971 0.073102 0.342879 0.085343 0.006633
0.067575 0.000472 0.000736 0.234055 0.114324 0.582186 0.000651
0.000570 0.002511 0.085022 0.017100 0.780316 0.091376 0.023105
0.025216 0.002477 0.013642 0.694831 0.249182 0.008280 0.006372
0.026048 0.001727 0.004963 0.291993 0.091596 0.580768 0.002905
0.013525 0.003332 0.003725 0.020481 0.409125 0.546729 0.003082
0.010865 0.001237 0.092789 0.002204 0.056222 0.836488 0.000195
0.002600 0.000163 0.002813 0.002324 0.990315 0.001727 0.000057
0.022031 0.008736 0.017678 0.018993 0.771036 0.010534 0.150992
0.000926 0.000284 0.002343 0.003217 0.943343 0.048374 0.001512
0.028774 0.007992 0.049398 0.017091 0.540315 0.348882 0.007547
0.021584 0.037835 0.289976 0.170624 0.319386 0.151954 0.008641
0.025772 0.004902 0.178413 0.019330 0.381027 0.289010 0.101545
0.009231 0.000323 0.027031 0.799574 0.008636 0.017646 0.137558
0.228122 0.013105 0.063412 0.026119 0.059304 0.606564 0.003374
0.079803 0.002114 0.063544 0.191227 0.466444 0.194893 0.001975
0.334487 0.033092 0.016278 0.004295 0.290751 0.317966 0.003130
0.148436 0.001443 0.011326 0.407155 0.107964 0.320069 0.003606
0.392959 0.000159 0.119703 0.000802 0.445771 0.034052 0.006554
0.054844 0.000448 0.029139 0.001184 0.718567 0.178366 0.017452
0.050604 0.003038 0.025183 0.190152 0.680805 0.041713 0.008505
0.034817 0.002082 0.005056 0.003124 0.772655 0.181685 0.000582
0.043441 0.000059 0.018072 0.368359 0.194949 0.030906 0.344215
0.003476 0.000373 0.002574 0.019235 0.893831 0.079742 0.000770
0.294226 0.002494 0.028702 0.261650 0.331975 0.037066 0.043887
0.292193 0.002720 0.008002 0.333508 0.255996 0.106794 0.000787
0.104474 0.003571 0.497590 0.008374 0.208749 0.128724 0.048517
0.112966 0.000634 0.234100 0.378488 0.241532 0.027431 0.004848
0.000022 0.000003 0.000159 0.477729 0.455726 0.066329 0.000032
0.012379 0.000005 0.004576 0.543955 0.437610 0.001450 0.000025
0.004134 0.000019 0.000893 0.135824 0.783717 0.075391 0.000022
0.113007 0.024927 0.303652 0.011262 0.406760 0.135321 0.005073
0.050256 0.002534 0.027369 0.362520 0.032437 0.216347 0.308537
0.122138 0.027198 0.052881 0.159721 0.034598 0.602125 0.001339
0.017257 0.000947 0.318473 0.165398 0.251475 0.245347 0.001102
0.021874 0.001931 0.014421 0.894577 0.024632 0.028566 0.014000
0.024742 0.002142 0.359059 0.185721 0.009027 0.413185 0.006124
0.030191 0.002041 0.209551 0.005636 0.694394 0.053678 0.004508
0.067427 0.003372 0.032810 0.674747 0.098232 0.075950 0.047461
0.008080 0.014970 0.007145 0.025362 0.337544 0.601497 0.005402
0.151803 0.031979 0.087522 0.578552 0.019428 0.130057 0.000659
0.362644 0.006946 0.087736 0.138238 0.132341 0.264001 0.008094
0.016709 0.002018 0.002431 0.012435 0.898456 0.067676 0.000274
0.000821 0.000123 0.003269 0.990348 0.001054 0.000343 0.004043
0.000755 0.000464 0.039714 0.000314 0.037788 0.920958 0.000007
0.109989 0.002395 0.216301 0.138425 0.078613 0.453669 0.000609
0.006722 0.000587 0.009510 0.004889 0.075262 0.861942 0.041087
0.022322 0.005709 0.790953 0.002567 0.074716 0.099694 0.004038
0.030979 0.004864 0.107728 0.027172 0.458022 0.360373 0.010863
0.104035 0.001193 0.032772 0.004407 0.638058 0.210292 0.009244
0.113506 0.052383 0.017133 0.121690 0.314197 0.088371 0.292720
0.023543 0.010512 0.016488 0.008603 0.713737 0.109494 0.117624
0.005026 0.001249 0.414380 0.053282 0.183373 0.278946 0.063744
0.147241 0.002427 0.310231 0.027670 0.016004 0.489413 0.007014
0.104235 0.002303 0.082075 0.029350 0.461299 0.310077 0.010661
0.012290 0.000104 0.002407 0.076387 0.034567 0.872396 0.001849
0.009204 0.000041 0.028940 0.338271 0.581164 0.040217 0.002164
0.088493 0.000636 0.146294 0.005317 0.107346 0.623618 0.028295
0.002817 0.006985 0.022378 0.003550 0.950045 0.014122 0.000103
0.143257 0.009834 0.067935 0.206198 0.056477 0.502261 0.014038
0.402625 0.000822 0.017136 0.057672 0.027663 0.491098 0.002984
0.474012 0.001303 0.050068 0.343221 0.025870 0.099824 0.005704
0.001624 0.010447 0.005640 0.100277 0.825235 0.052706 0.004070
0.015139 0.009502 0.010858 0.061825 0.631928 0.170677 0.100071
0.186672 0.002895 0.217816 0.018737 0.232102 0.338748 0.003030
0.040220 0.022662 0.033152 0.377882 0.016395 0.494602 0.015088
0.034593 0.000654 0.008556 0.861711 0.056454 0.031653 0.006379
0.005567 0.000014 0.003955 0.001063 0.832831 0.151966 0.004603
0.289465 0.001467 0.003584 0.103102 0.430773 0.170094 0.001517
0.129402 0.023016 0.044664 0.009355 0.749902 0.020283 0.023378
0.078273 0.003227 0.079708 0.364693 0.372365 0.098723 0.003012
