0.004472 0.007571 0.341144 0.487154 0.104007 0.017676 0.037977
0.001987 0.000732 0.010410 0.001209 0.009243 0.003326 0.973092
0.624933 0.004185 0.012824 0.005411 0.024979 0.049684 0.277984
0.002714 0.001197 0.028191 0.004246 0.036627 0.020143 0.906882
0.003158 0.001085 0.148727 0.001761 0.006954 0.000930 0.837384
0.003786 0.000301 0.016183 0.004875 0.006527 0.007177 0.961151
0.054238 0.000463 0.017273 0.001466 0.173750 0.004725 0.748084
0.000378 0.001035 0.021782 0.002401 0.000829 0.000573 0.973001
0.066413 0.004514 0.072720 0.012111 0.806539 0.031147 0.006557
0.000212 0.000002 0.000290 0.000158 0.000081 0.000301 0.998956
0.002475 0.001361 0.033665 0.010491 0.101898 0.404570 0.445540
0.015231 0.000372 0.033292 0.000176 0.022461 0.005529 0.922938
0.600435 0.000680 0.037329 0.139874 0.011573 0.206659 0.003451
0.001787 0.011205 0.085593 0.335252 0.383264 0.033683 0.149216
0.001077 0.000137 0.122472 0.000386 0.001068 0.000287 0.874574
0.000237 0.000058 0.053192 0.572942 0.043383 0.000339 0.329848
0.058508 0.000135 0.059105 0.000339 0.012742 0.009046 0.860125
0.064717 0.000264 0.016504 0.222590 0.353231 0.163107 0.179588
0.001094 0.003495 0.009457 0.003107 0.000116 0.000650 0.982082
0.038850 0.000578 0.098710 0.003247 0.753611 0.035945 0.069060
0.003167 0.000424 0.020142 0.004227 0.000254 0.001882 0.969904
0.025260 0.003869 0.144191 0.030673 0.021416 0.050484 0.724108
0.075253 0.005581 0.055487 0.001251 0.082298 0.006895 0.773234
0.002796 0.000307 0.154678 0.005501 0.049751 0.039433 0.747534
0.005340 0.000352 0.009810 0.016228 0.005455 0.002278 0.960537
0.003437 0.000210 0.018455 0.019746 0.000535 0.001247 0.956371
0.000022 0.000003 0.002085 0.000012 0.000016 0.000058 0.997804
0.000052 0.000001 0.183998 0.000520 0.049918 0.160452 0.605059
0.002375 0.000594 0.002982 0.002981 0.110192 0.054743 0.826133
0.002579 0.000043 0.652324 0.001339 0.001769 0.000711 0.341234
0.002204 0.000193 0.448814 0.001226 0.012652 0.028038 0.506873
0.002745 0.000103 0.600908 0.000706 0.001406 0.038876 0.355256
0.035631 0.000825 0.022801 0.021712 0.020694 0.001914 0.896424
0.000361 0.000152 0.004900 0.002165 0.005933 0.001778 0.984711
0.008771 0.000338 0.232958 0.128170 0.098913 0.057611 0.473239
0.278838 0.003613 0.021108 0.078123 0.538345 0.064519 0.015454
0.000991 0.000014 0.008761 0.018415 0.001347 0.002332 0.968141
0.008156 0.000562 0.750202 0.000242 0.001081 0.011288 0.228469
0.058078 0.000096 0.176439 0.000443 0.000085 0.000975 0.763885
0.734244 0.017202 0.024624 0.016626 0.080161 0.064449 0.062694
0.014782 0.000050 0.014371 0.944019 0.002657 0.012283 0.011839
0.001467 0.000226 0.031899 0.007269 0.009674 0.015858 0.933608
0.007180 0.011171 0.763965 0.042413 0.079764 0.067013 0.028494
0.069012 0.081035 0.592679 0.152041 0.044916 0.019575 0.040741
0.001845 0.001890 0.005620 0.901671 0.038268 0.007529 0.043176
0.000949 0.000038 0.015091 0.007603 0.004316 0.000521 0.971480
0.002842 0.000253 0.040475 0.262498 0.050380 0.178616 0.464937
0.179003 0.002796 0.113801 0.056361 0.043295 0.019183 0.585562
0.000352 0.000008 0.000930 0.002248 0.002681 0.002186 0.991595
0.007008 0.000388 0.189399 0.417969 0.135231 0.234850 0.015154
0.000023 0.000001 0.000259 0.000083 0.000047 0.000001 0.999586
0.000000 0.000000 0.000070 0.000010 0.000005 0.000002 0.999912
0.007671 0.000576 0.221076 0.068690 0.000505 0.033067 0.668415
0.000054 0.000002 0.009811 0.006490 0.000616 0.000364 0.982662
0.019636 0.014088 0.706943 0.003937 0.016086 0.030958 0.208352
0.071596 0.000077 0.056243 0.032888 0.165589 0.182772 0.490835
0.008888 0.000033 0.006033 0.004009 0.003717 0.002724 0.974596
0.099179 0.000470 0.100037 0.002434 0.015416 0.027245 0.755219
0.010126 0.002609 0.897720 0.016820 0.044472 0.012544 0.015708
0.000766 0.000347 0.000761 0.933077 0.004188 0.059423 0.001437
0.000133 0.000030 0.001317 0.000036 0.000023 0.000015 0.998446
0.000146 0.000037 0.024051 0.000671 0.001055 0.000060 0.973979
0.000099 0.000033 0.006451 0.004634 0.000087 0.000301 0.988394
0.002873 0.002675 0.057166 0.004390 0.002151 0.001084 0.929662
0.012579 0.000152 0.020156 0.014880 0.173978 0.009154 0.769100
0.015754 0.004608 0.755059 0.003166 0.124833 0.038803 0.057776
0.037374 0.016862 0.296835 0.143363 0.105041 0.045205 0.355322
0.021059 0.000831 0.048847 0.111411 0.136298 0.660721 0.020832
0.000127 0.000001 0.006478 0.000103 0.000207 0.000149 0.992934
0.216861 0.004148 0.374637 0.095067 0.062981 0.213759 0.032547
0.000003 0.000000 0.000142 0.000006 0.000035 0.000004 0.999809
0.006953 0.000565 0.179900 0.002786 0.020751 0.008582 0.780464
0.000224 0.000002 0.031561 0.011289 0.002359 0.012259 0.942306
0.003721 0.000225 0.030027 0.806319 0.093668 0.007350 0.058691
0.002225 0.000232 0.011968 0.002300 0.003734 0.001077 0.978464
0.000094 0.000014 0.000782 0.000050 0.000477 0.000130 0.998453
0.047506 0.003578 0.320306 0.009221 0.041685 0.040321 0.537382
0.007522 0.000776 0.825779 0.001644 0.004513 0.149071 0.010694
0.496167 0.000477 0.231174 0.074528 0.033025 0.117490 0.047139
0.000031 0.000034 0.000769 0.000055 0.988548 0.010435 0.000128
0.010379 0.000155 0.133870 0.002656 0.037616 0.310409 0.504915
0.000880 0.000290 0.098762 0.000360 0.000874 0.003307 0.895528
0.047389 0.002123 0.443966 0.031408 0.009570 0.051774 0.413770
0.012547 0.003082 0.093430 0.124964 0.143344 0.258935 0.363698
0.151969 0.039525 0.181458 0.050566 0.005926 0.570171 0.000385
0.007083 0.000375 0.006785 0.019445 0.875577 0.061761 0.028975
0.000780 0.000001 0.059351 0.000888 0.003039 0.000749 0.935192
0.043011 0.000545 0.006932 0.001431 0.002190 0.002188 0.943703
0.000513 0.000634 0.047628 0.080633 0.082816 0.005757 0.782019
0.003214 0.003081 0.380561 0.060874 0.230455 0.204264 0.117551
0.036391 0.004185 0.911004 0.021880 0.004707 0.005808 0.016024
0.338516 0.001422 0.350135 0.000635 0.137989 0.168301 0.003002
0.001245 0.000942 0.006271 0.012293 0.001003 0.006964 0.971282
0.107650 0.001127 0.698465 0.004536 0.046743 0.123790 0.017689
0.080938 0.011795 0.700355 0.003103 0.103219 0.079716 0.020875
0.075559 0.007797 0.166969 0.465019 0.224539 0.040600 0.019518
0.012688 0.000270 0.038291 0.001952 0.268171 0.016315 0.662313
0.009196 0.000043 0.003390 0.011664 0.000322 0.000865 0.974519
0.071596 0.000077 0.056243 0.032888 0.165589 0.182772 0.490835
0.278619 0.009525 0.521644 0.029616 0.088077 0.065178 0.007341
0.005718 0.000254 0.009037 0.003275 0.047542 0.010180 0.923995
0.002248 0.002223 0.057309 0.016112 0.003959 0.013728 0.904419
0.000951 0.000654 0.014358 0.001901 0.003351 0.002901 0.975884
0.002093 0.000376 0.016012 0.002599 0.005582 0.002072 0.971266
0.015693 0.003492 0.254851 0.549546 0.028307 0.055018 0.093093
0.425710 0.006011 0.171099 0.001766 0.050638 0.147292 0.197485
0.000000 0.000035 0.025624 0.390625 0.575481 0.008235 0.000000
0.002676 0.000105 0.012439 0.125803 0.003869 0.000676 0.854432
0.006302 0.000156 0.052155 0.031095 0.071901 0.090109 0.748282
0.370211 0.000267 0.044843 0.004719 0.001746 0.002715 0.575498
0.052883 0.007543 0.066475 0.063995 0.069512 0.019973 0.719619
0.000392 0.000067 0.014333 0.000881 0.079688 0.007069 0.897570
0.002231 0.000019 0.002668 0.841910 0.000487 0.001715 0.150970
0.000030 0.000011 0.000440 0.000192 0.000562 0.000059 0.998705
0.000150 0.000009 0.001701 0.003463 0.001658 0.002622 0.990397
0.010519 0.000268 0.005813 0.005785 0.020265 0.007060 0.950290
0.000548 0.000028 0.006136 0.000513 0.000966 0.000623 0.991186
0.000084 0.000032 0.281723 0.111537 0.012719 0.005019 0.588886
0.001333 0.000283 0.821237 0.000487 0.041163 0.004326 0.131172
0.008241 0.001940 0.009881 0.092680 0.846672 0.034333 0.006252
0.001154 0.000127 0.146302 0.677459 0.002328 0.000274 0.172357
0.620083 0.003238 0.127066 0.097789 0.048879 0.028283 0.074662
0.000426 0.000012 0.001760 0.989918 0.000216 0.004008 0.003660
0.000773 0.000084 0.042587 0.000398 0.000842 0.001016 0.954300
0.223862 0.000026 0.037188 0.007460 0.075660 0.367500 0.288304
0.178868 0.003506 0.030338 0.024156 0.047339 0.685807 0.029986
0.000043 0.000159 0.011469 0.000093 0.000071 0.000279 0.987886
0.007729 0.000015 0.030461 0.003266 0.012184 0.076977 0.869367
0.001266 0.000370 0.039228 0.831418 0.006156 0.011549 0.110012
0.002656 0.000560 0.025488 0.000808 0.007269 0.022861 0.940358
0.028015 0.000246 0.010146 0.018992 0.001009 0.002297 0.939295
0.000923 0.000010 0.019094 0.001381 0.026935 0.002454 0.949203
0.114803 0.001677 0.152918 0.367234 0.200545 0.103492 0.059331
0.098126 0.007525 0.479938 0.008769 0.212419 0.089485 0.103738
0.074307 0.005821 0.051205 0.013098 0.004736 0.237786 0.613047
0.045853 0.018710 0.412475 0.003714 0.177629 0.331740 0.009878
0.010405 0.000919 0.014634 0.060577 0.012870 0.106922 0.793673
0.000056 0.000003 0.000138 0.000109 0.000062 0.000923 0.998709
0.008497 0.000116 0.783240 0.096677 0.005145 0.061158 0.045167
0.204704 0.002298 0.206220 0.003872 0.009825 0.024370 0.548712
0.001886 0.000036 0.029332 0.064163 0.000155 0.000301 0.904127
0.000152 0.000077 0.037320 0.006303 0.003071 0.010664 0.942412
0.072495 0.001923 0.390497 0.000540 0.019368 0.254003 0.261174
0.001279 0.000274 0.662321 0.006703 0.008617 0.002140 0.318667
0.000960 0.000091 0.015334 0.966400 0.013917 0.002568 0.000730
0.035345 0.003419 0.100839 0.024428 0.139986 0.029171 0.666812
0.000319 0.000613 0.030525 0.795641 0.133864 0.037098 0.001940
0.000169 0.000003 0.009599 0.000300 0.000162 0.000211 0.989557
0.038503 0.003954 0.351946 0.009761 0.036005 0.014425 0.545405
0.000267 0.000059 0.008993 0.000032 0.001621 0.000158 0.988870
0.058284 0.000222 0.019243 0.034699 0.064144 0.014397 0.809012
0.005938 0.001311 0.100142 0.042902 0.005344 0.003616 0.840747
0.003697 0.000137 0.022943 0.905141 0.005027 0.039051 0.024005
0.000197 0.000014 0.003225 0.000168 0.000058 0.000033 0.996305
0.098516 0.000569 0.154319 0.002998 0.019739 0.002951 0.720908
0.000309 0.000026 0.012231 0.000115 0.000591 0.000651 0.986076
0.032149 0.025477 0.286010 0.229516 0.020833 0.177521 0.228495
0.056108 0.000257 0.022606 0.000993 0.011009 0.001823 0.907203
0.003484 0.000132 0.019350 0.003642 0.006067 0.002873 0.964452
0.000286 0.000077 0.012875 0.001025 0.008287 0.001688 0.975763
0.000083 0.000041 0.033102 0.000280 0.000082 0.000866 0.965546
0.042683 0.000003 0.116025 0.004948 0.002514 0.006060 0.827767
0.214124 0.001147 0.252221 0.092880 0.162466 0.064551 0.212611
0.047205 0.003625 0.192947 0.161788 0.016342 0.177735 0.400358
0.106723 0.003652 0.019409 0.087190 0.067156 0.590973 0.124897
0.118766 0.000536 0.112951 0.000900 0.035802 0.088164 0.642881
0.000770 0.000023 0.001825 0.000066 0.000836 0.003817 0.992663
0.002932 0.000027 0.046099 0.000560 0.041657 0.007537 0.901188
0.021146 0.000740 0.038670 0.000973 0.000473 0.014683 0.923316
0.000034 0.000124 0.013830 0.000114 0.000035 0.000036 0.985827
0.010081 0.000901 0.096605 0.007600 0.004154 0.018335 0.862324
0.003365 0.000893 0.224797 0.017398 0.021786 0.678018 0.053743
0.006674 0.001836 0.457256 0.012976 0.329364 0.048852 0.143043
0.000030 0.000011 0.000440 0.000192 0.000562 0.000059 0.998705
0.018450 0.000765 0.044918 0.018274 0.076884 0.042608 0.798101
0.002945 0.000141 0.838634 0.000343 0.008670 0.001338 0.147928
0.002385 0.000116 0.097717 0.236314 0.001972 0.009998 0.651499
0.058036 0.004800 0.053648 0.018491 0.338778 0.144891 0.381355
0.018779 0.012654 0.189431 0.032442 0.569530 0.038056 0.139108
0.000299 0.000006 0.009130 0.000088 0.001327 0.002538 0.986611
0.027389 0.000182 0.538030 0.030284 0.020003 0.009983 0.374129
0.243927 0.000184 0.004708 0.490564 0.231929 0.001821 0.026867
0.000433 0.000114 0.083224 0.817629 0.009603 0.004120 0.084877
0.024138 0.019638 0.166551 0.490412 0.114976 0.043398 0.140886
0.040331 0.001267 0.233750 0.185490 0.161219 0.033614 0.344329
0.006590 0.000232 0.048653 0.000008 0.025471 0.005665 0.913380
0.053542 0.000854 0.016344 0.350297 0.101049 0.066079 0.411834
0.386471 0.007124 0.240849 0.000504 0.297602 0.011584 0.055865
0.185116 0.032314 0.452725 0.005846 0.118765 0.176372 0.028862
0.003437 0.000210 0.018455 0.019746 0.000535 0.001247 0.956371
0.302425 0.007661 0.046813 0.241075 0.162909 0.232770 0.006346
0.005574 0.000853 0.017666 0.009411 0.001386 0.000880 0.964230
0.000413 0.000275 0.051533 0.495285 0.032824 0.048431 0.371237
0.028510 0.004725 0.142110 0.054719 0.004466 0.447614 0.317857
0.005945 0.000076 0.010359 0.002615 0.153757 0.003752 0.823497
0.052249 0.004748 0.191050 0.003539 0.016582 0.730386 0.001445
0.000773 0.000084 0.042587 0.000398 0.000842 0.001016 0.954300
0.000026 0.000005 0.002749 0.005284 0.003538 0.001191 0.987206
0.000902 0.000017 0.071890 0.000111 0.000220 0.000411 0.926450
0.000325 0.000001 0.005327 0.000052 0.000095 0.000089 0.994110
0.050011 0.000571 0.184284 0.042524 0.072043 0.071275 0.579292
0.209237 0.000120 0.187830 0.181307 0.136107 0.085955 0.199444
0.006703 0.000613 0.023611 0.001835 0.018746 0.016908 0.931585
0.019017 0.002302 0.028559 0.003635 0.002332 0.006882 0.937273
0.008709 0.000869 0.029130 0.002993 0.005620 0.013136 0.939542
0.082751 0.026155 0.221906 0.120555 0.046330 0.132642 0.369661
0.003055 0.016953 0.011265 0.325999 0.133523 0.120123 0.389082
0.000852 0.000045 0.020607 0.000677 0.005295 0.026116 0.946409
0.066371 0.118586 0.322237 0.007033 0.004518 0.079661 0.401594
0.002775 0.000031 0.002559 0.531617 0.070798 0.060263 0.331957
0.626557 0.001306 0.120556 0.000007 0.003736 0.011490 0.236347
0.039566 0.045737 0.203322 0.051689 0.195654 0.411908 0.052125
0.000984 0.000056 0.037089 0.000856 0.000035 0.000219 0.960761
0.024897 0.013781 0.092675 0.005829 0.014894 0.146439 0.701485
0.000526 0.000072 0.009972 0.000196 0.001854 0.001946 0.985434
0.027234 0.088201 0.323236 0.048774 0.221709 0.135437 0.155408
0.174423 0.003251 0.065351 0.003693 0.019953 0.014213 0.719115
0.477552 0.005910 0.460392 0.003314 0.008176 0.030880 0.013777
0.038391 0.000156 0.007098 0.057965 0.021148 0.036702 0.838539
0.000325 0.000001 0.005327 0.000052 0.000095 0.000089 0.994110
0.023574 0.001162 0.024629 0.084791 0.009583 0.054704 0.801557
0.017142 0.003567 0.464930 0.038821 0.005894 0.013543 0.456103
0.005001 0.000319 0.206289 0.000851 0.409372 0.078453 0.299715
0.250295 0.006651 0.104150 0.012204 0.040169 0.049608 0.536923
0.005402 0.000465 0.105970 0.000051 0.002266 0.009016 0.876831
0.202662 0.000061 0.172530 0.102475 0.093082 0.304605 0.124586
0.025396 0.002594 0.154543 0.040557 0.345203 0.351948 0.079760
0.000043 0.000159 0.011469 0.000093 0.000071 0.000279 0.987886
0.369531 0.001813 0.123157 0.133438 0.146335 0.066237 0.159490
0.000041 0.000004 0.000164 0.004063 0.000141 0.000031 0.995556
0.009526 0.000202 0.134385 0.000073 0.000721 0.004012 0.851082
0.000036 0.000005 0.007399 0.000019 0.000061 0.000143 0.992337
0.022254 0.000717 0.069153 0.006668 0.284737 0.524650 0.091821
0.282346 0.000494 0.031159 0.293539 0.077286 0.061087 0.254089
0.007464 0.000360 0.073467 0.051645 0.034589 0.153856 0.678617
0.009684 0.001013 0.206503 0.000494 0.042699 0.030763 0.708844
0.022227 0.003980 0.093071 0.003125 0.020875 0.005480 0.851242
0.000900 0.000261 0.025908 0.042268 0.006438 0.077795 0.846430
0.001768 0.000033 0.017012 0.010576 0.114955 0.003593 0.852062
0.000638 0.000282 0.002376 0.000007 0.000152 0.000241 0.996304
0.353333 0.009353 0.091383 0.064594 0.049015 0.205471 0.226852
0.002866 0.000026 0.027045 0.080579 0.076956 0.011363 0.801165
0.000234 0.000005 0.003266 0.000156 0.000117 0.000234 0.995988
0.018497 0.000032 0.014943 0.091999 0.002053 0.001265 0.871212
0.048241 0.011269 0.226513 0.007440 0.222092 0.140569 0.343876
0.014943 0.001431 0.088376 0.005332 0.028204 0.017624 0.844090
0.007510 0.021182 0.183990 0.026702 0.403733 0.101030 0.255854
0.000377 0.000095 0.030217 0.003251 0.011776 0.000177 0.954107
0.015985 0.000935 0.046257 0.070247 0.073578 0.213233 0.579766
0.021763 0.001559 0.037716 0.013090 0.857564 0.029326 0.038983
0.104961 0.000956 0.005541 0.001185 0.007702 0.002953 0.876702
0.005207 0.000223 0.001136 0.954770 0.029693 0.006730 0.002241
0.000049 0.000013 0.003953 0.000105 0.000132 0.000010 0.995738
0.000186 0.000011 0.001592 0.002471 0.000171 0.000110 0.995459
0.000255 0.001004 0.004044 0.949545 0.030395 0.003600 0.011158
0.002874 0.000017 0.005199 0.000805 0.002745 0.001613 0.986748
0.003629 0.004809 0.661790 0.018985 0.003836 0.295107 0.011845
0.001216 0.000053 0.014746 0.002769 0.002833 0.006779 0.971604
0.000003 0.000002 0.001648 0.000012 0.000054 0.000013 0.998267
0.000248 0.000050 0.049481 0.018976 0.000123 0.000821 0.930302
0.000334 0.004912 0.036159 0.017168 0.008707 0.002105 0.930616
0.421552 0.015267 0.386671 0.000529 0.004355 0.129527 0.042097
0.016063 0.000104 0.013512 0.037114 0.029885 0.039429 0.863892
0.046430 0.000352 0.222742 0.011899 0.005206 0.002777 0.710595
0.005503 0.000409 0.022700 0.000297 0.101527 0.022861 0.846703
0.001297 0.000348 0.062916 0.000221 0.000381 0.000738 0.934098
0.004475 0.003215 0.094624 0.005190 0.001895 0.004823 0.885778
0.001788 0.000048 0.015779 0.004059 0.000987 0.012592 0.964748
0.001272 0.002002 0.270974 0.011710 0.263216 0.107873 0.342953
0.010118 0.003530 0.034783 0.882283 0.004636 0.001742 0.062908
0.001497 0.001351 0.349290 0.000281 0.000521 0.001097 0.645962
0.000008 0.000000 0.001643 0.000009 0.000023 0.000044 0.998274
0.000058 0.000007 0.004856 0.000035 0.000167 0.000236 0.994642
0.226936 0.118760 0.093931 0.208492 0.080582 0.067538 0.203761
0.018907 0.003791 0.735056 0.006440 0.016508 0.003954 0.215344
0.001203 0.000387 0.065717 0.028129 0.054448 0.067645 0.782471
0.001709 0.000391 0.205236 0.013885 0.319303 0.029984 0.429491
0.671338 0.000176 0.021743 0.049479 0.029475 0.226630 0.001160
0.080867 0.024904 0.040161 0.007455 0.155227 0.235124 0.456262
0.000548 0.000028 0.006136 0.000513 0.000966 0.000623 0.991186
0.009796 0.048975 0.439267 0.087271 0.154047 0.114588 0.146056
0.041236 0.005789 0.013613 0.070098 0.012039 0.056691 0.800534
0.013296 0.080511 0.073771 0.052074 0.003209 0.046208 0.730932
0.075044 0.005614 0.385267 0.001393 0.070757 0.058010 0.403915
0.071534 0.029784 0.081319 0.004902 0.030923 0.041802 0.739736
0.008371 0.000065 0.054341 0.000349 0.003332 0.009311 0.924230
0.158904 0.003673 0.293010 0.018151 0.027908 0.334967 0.163387
0.000265 0.000043 0.024983 0.000556 0.001000 0.002108 0.971045
0.042037 0.001883 0.055321 0.007378 0.791324 0.068571 0.033485
0.003554 0.000123 0.005424 0.000139 0.001189 0.000411 0.989160
0.001859 0.000811 0.047454 0.105219 0.000495 0.010348 0.833813
0.044888 0.002114 0.020035 0.016533 0.563767 0.276463 0.076201
0.003236 0.000627 0.001426 0.784998 0.008144 0.001563 0.200005
0.010316 0.000051 0.039536 0.003639 0.001754 0.007788 0.936916
0.026856 0.042977 0.495207 0.052179 0.002401 0.379117 0.001264
0.025981 0.002826 0.054109 0.122796 0.452624 0.314255 0.027409
0.003496 0.000034 0.005540 0.000484 0.000035 0.000142 0.990269
0.062419 0.008584 0.094798 0.047412 0.012415 0.145634 0.628738
0.029067 0.001262 0.067859 0.016879 0.037328 0.846066 0.001538
0.003499 0.001598 0.054694 0.012350 0.104757 0.101601 0.721502
0.000008 0.000002 0.000844 0.000730 0.000183 0.000116 0.998116
0.003362 0.006779 0.195296 0.002499 0.267296 0.043013 0.481756
0.012916 0.000665 0.083504 0.000655 0.028606 0.091491 0.782163
0.004850 0.000015 0.322708 0.044973 0.001751 0.005340 0.620363
0.047870 0.004600 0.144949 0.000229 0.004064 0.011951 0.786338
0.003077 0.004111 0.033406 0.009389 0.764211 0.163753 0.022051
0.000780 0.000001 0.059351 0.000888 0.003039 0.000749 0.935192
0.179107 0.000031 0.134903 0.000451 0.049985 0.622898 0.012626
0.000828 0.000003 0.004517 0.000037 0.005119 0.000265 0.989232
0.002754 0.000271 0.081234 0.123399 0.008348 0.016764 0.767230
0.000188 0.000019 0.819494 0.000007 0.016815 0.163476 0.000001
0.003985 0.000032 0.007944 0.009422 0.166510 0.014643 0.797464
0.000147 0.000022 0.012883 0.002647 0.003300 0.004841 0.976160
0.000053 0.000020 0.012387 0.000120 0.000097 0.000648 0.986674
0.000239 0.000050 0.065784 0.000521 0.005660 0.000439 0.927307
0.000006 0.000006 0.004117 0.000096 0.000051 0.000002 0.995724
0.000459 0.000047 0.003535 0.001244 0.000637 0.000677 0.993401
0.253124 0.000092 0.135998 0.347353 0.086078 0.106457 0.070898
0.006154 0.000718 0.090666 0.001813 0.005249 0.008269 0.887132
0.265952 0.000098 0.022370 0.265073 0.424261 0.003047 0.019200
0.000070 0.000040 0.028050 0.000521 0.009884 0.009629 0.951806
0.001629 0.000056 0.032248 0.003149 0.007209 0.048412 0.907297
0.095634 0.006369 0.487025 0.025265 0.138597 0.198827 0.048284
0.000035 0.000015 0.004088 0.002533 0.000031 0.000118 0.993181
0.010852 0.003952 0.515774 0.009784 0.006634 0.028232 0.424770
0.000339 0.000655 0.008732 0.001057 0.001021 0.005492 0.982704
0.000079 0.000015 0.181509 0.144456 0.000784 0.000091 0.673066
0.216205 0.003113 0.111443 0.005049 0.182031 0.209774 0.272384
0.010436 0.000090 0.038831 0.000529 0.024020 0.002909 0.923185
0.005153 0.000622 0.074747 0.006739 0.002176 0.003235 0.907329
0.094546 0.000864 0.124469 0.036904 0.144297 0.297184 0.301736
0.001294 0.002548 0.009094 0.000433 0.026818 0.043499 0.916314
0.000626 0.000152 0.055920 0.012352 0.003648 0.006497 0.920805
0.053966 0.001348 0.014181 0.019084 0.069927 0.008379 0.833116
0.013839 0.000124 0.915229 0.000796 0.031045 0.030728 0.008239
0.259718 0.003466 0.046856 0.061224 0.026112 0.554416 0.048209
0.042589 0.001134 0.431518 0.170664 0.023245 0.316380 0.014471
0.043962 0.000866 0.018553 0.022845 0.035272 0.010113 0.868388
0.013128 0.000690 0.091743 0.074383 0.056004 0.234846 0.529207
0.006910 0.001838 0.306157 0.016780 0.005798 0.010315 0.652202
0.094443 0.001055 0.194277 0.026449 0.306565 0.024173 0.353038
0.001939 0.000590 0.007498 0.003297 0.000717 0.000329 0.985630
0.001266 0.000337 0.027483 0.004239 0.003897 0.001968 0.960809
0.000234 0.000347 0.091261 0.000945 0.001021 0.001023 0.905169
0.005246 0.001147 0.014945 0.079596 0.018301 0.022206 0.858557
0.032364 0.000295 0.011646 0.003910 0.000759 0.001451 0.949574
0.284510 0.002306 0.498320 0.000640 0.003036 0.173774 0.037414
0.006458 0.000192 0.011140 0.000055 0.003280 0.006643 0.972232
0.144353 0.008133 0.042741 0.157052 0.003533 0.017898 0.626290
0.009220 0.001185 0.021083 0.006547 0.850256 0.078393 0.033317
0.020736 0.001703 0.273631 0.000967 0.016744 0.015653 0.670567
0.008173 0.001247 0.009336 0.551096 0.107244 0.018302 0.304601
0.022704 0.001913 0.019332 0.094397 0.045618 0.062852 0.753183
0.000008 0.000001 0.001137 0.000022 0.000043 0.000021 0.998768
0.048910 0.005535 0.083458 0.006869 0.039219 0.028429 0.787579
0.019576 0.000262 0.011052 0.003707 0.058218 0.052816 0.854369
0.043011 0.000545 0.006932 0.001431 0.002190 0.002188 0.943703
0.028015 0.000246 0.010146 0.018992 0.001009 0.002297 0.939295
0.000385 0.000208 0.010285 0.075885 0.001857 0.000593 0.910787
0.028761 0.002623 0.061713 0.152551 0.024789 0.204291 0.525272
0.129749 0.002481 0.075710 0.019358 0.008582 0.106181 0.657940
0.003420 0.000127 0.014647 0.839477 0.025655 0.085847 0.030828
0.011159 0.003920 0.090259 0.017112 0.038763 0.070803 0.767985
0.009520 0.001404 0.035741 0.016126 0.022357 0.051507 0.863344
0.000675 0.000011 0.024075 0.000051 0.000188 0.000796 0.974204
0.431503 0.001643 0.202558 0.005143 0.033811 0.040424 0.284917
0.006274 0.006833 0.045964 0.805320 0.069896 0.014330 0.051383
0.000391 0.000008 0.003953 0.002802 0.000580 0.000361 0.991905
0.220190 0.004080 0.106459 0.533405 0.001845 0.006018 0.128002
0.007833 0.002508 0.011249 0.072359 0.047771 0.097696 0.760584
0.190693 0.003860 0.256456 0.012413 0.067897 0.043779 0.424902
0.000054 0.000009 0.012750 0.001750 0.000511 0.011196 0.973729
0.001915 0.000073 0.026352 0.001212 0.004405 0.011440 0.954603
0.043348 0.093779 0.334128 0.000822 0.136339 0.357289 0.034294
0.114086 0.002335 0.400635 0.012350 0.296067 0.006309 0.168217
0.005281 0.002085 0.143598 0.103618 0.043275 0.149665 0.552478
0.002158 0.006272 0.461291 0.259638 0.000606 0.008763 0.261273
0.002475 0.001361 0.033665 0.010491 0.101898 0.404570 0.445540
0.002320 0.000063 0.069902 0.001038 0.006698 0.008886 0.911092
0.030313 0.089225 0.058746 0.004163 0.109365 0.055904 0.652286
0.095306 0.014161 0.068493 0.178828 0.139170 0.497011 0.007030
0.000011 0.000006 0.002836 0.000068 0.000032 0.000005 0.997044
0.018869 0.004566 0.252055 0.013465 0.123468 0.131082 0.456495
0.000094 0.000014 0.000782 0.000050 0.000477 0.000130 0.998453
0.026217 0.000622 0.046835 0.019403 0.499062 0.072200 0.335662
0.000597 0.019027 0.146416 0.194480 0.093084 0.011103 0.535292
0.005112 0.000696 0.441511 0.040381 0.442205 0.050563 0.019533
0.004940 0.000499 0.642228 0.000078 0.000971 0.000843 0.350441
0.002405 0.002787 0.012921 0.078605 0.148062 0.271041 0.484180
0.007052 0.000321 0.036257 0.018011 0.844016 0.062198 0.032145
0.180099 0.108395 0.419956 0.006656 0.035804 0.040391 0.208698
0.000719 0.000015 0.001485 0.000166 0.001213 0.000078 0.996324
0.026772 0.000908 0.034264 0.140916 0.047142 0.022340 0.727658
0.000005 0.000000 0.001635 0.000380 0.000349 0.000064 0.997566
0.063133 0.002387 0.061374 0.006129 0.011744 0.014670 0.840563
0.008141 0.000024 0.037151 0.003008 0.020140 0.738691 0.192843
0.108541 0.002774 0.026888 0.002154 0.004801 0.002757 0.852085
0.004103 0.000114 0.031052 0.000542 0.057158 0.032647 0.874384
0.006441 0.000614 0.004562 0.001223 0.008508 0.005118 0.973534
0.005506 0.002546 0.053959 0.013299 0.290913 0.600235 0.033542
0.100855 0.026995 0.489518 0.016931 0.025186 0.175295 0.165220
0.009770 0.000112 0.113642 0.085298 0.064516 0.118231 0.608431
0.005169 0.000163 0.057192 0.002625 0.005057 0.004015 0.925779
0.054942 0.000968 0.015195 0.000942 0.021208 0.012222 0.894523
0.014013 0.001662 0.062877 0.010891 0.006881 0.039494 0.864181
0.000838 0.000244 0.006651 0.914144 0.010081 0.066902 0.001140
0.000100 0.000007 0.005645 0.000005 0.000076 0.000312 0.993854
0.005766 0.000786 0.040384 0.001595 0.007299 0.154799 0.789370
0.145302 0.000435 0.226900 0.033043 0.035163 0.066733 0.492423
0.001344 0.000001 0.000054 0.993452 0.001649 0.003147 0.000353
0.054157 0.000126 0.086101 0.032778 0.007520 0.095653 0.723665
0.033233 0.000563 0.341483 0.001151 0.338094 0.173788 0.111688
0.003316 0.000510 0.311545 0.000578 0.002139 0.004237 0.677676
0.005075 0.000016 0.007299 0.005022 0.001141 0.001739 0.979709
0.206941 0.001360 0.020211 0.004416 0.004430 0.020193 0.742449
0.229912 0.004434 0.046622 0.467669 0.033644 0.179337 0.038382
0.000155 0.000064 0.008464 0.981283 0.000747 0.004042 0.005246
0.013367 0.000033 0.069677 0.000896 0.009262 0.003266 0.903499
0.004756 0.000156 0.042707 0.000917 0.001350 0.005923 0.944192
0.003779 0.166012 0.036342 0.168475 0.002484 0.398845 0.224063
0.009346 0.001817 0.015183 0.030423 0.028247 0.023544 0.891441
0.116831 0.007328 0.312109 0.332572 0.039302 0.189669 0.002190
0.014463 0.000925 0.003736 0.950901 0.005655 0.021878 0.002443
0.000020 0.000000 0.001708 0.000014 0.000025 0.000030 0.998201
0.011266 0.000138 0.021916 0.019699 0.020778 0.007077 0.919126
0.003212 0.000044 0.024549 0.000318 0.005564 0.001568 0.964744
0.001552 0.000044 0.024468 0.001724 0.002416 0.001222 0.968574
0.000613 0.000315 0.037474 0.015631 0.001935 0.005044 0.938987
0.000074 0.000007 0.002560 0.000295 0.000251 0.000160 0.996654
0.032272 0.000327 0.380763 0.133614 0.009059 0.102157 0.341808
0.034465 0.016224 0.070115 0.000909 0.011235 0.003252 0.863800
0.003273 0.000079 0.097571 0.002225 0.001218 0.001694 0.893941
0.022960 0.002866 0.079346 0.321189 0.097655 0.064558 0.411426
0.010518 0.000626 0.048703 0.846174 0.001316 0.020014 0.072649
0.093743 0.004897 0.164102 0.407186 0.007768 0.008919 0.313385
0.052475 0.003783 0.023782 0.000974 0.002366 0.012282 0.904337
0.003580 0.000529 0.004317 0.000842 0.000246 0.000498 0.989987
0.045253 0.001158 0.033474 0.001743 0.054493 0.011519 0.852359
0.017929 0.001549 0.050163 0.017376 0.158430 0.019883 0.734671
0.010645 0.000138 0.034550 0.003151 0.662985 0.270454 0.018078
0.091978 0.006540 0.050619 0.061641 0.098556 0.125045 0.565621
0.004887 0.000979 0.007343 0.024160 0.001866 0.003414 0.957351
0.032844 0.001443 0.007844 0.251162 0.006899 0.012623 0.687185
0.011822 0.008763 0.080170 0.023604 0.037725 0.042308 0.795609
0.335189 0.011034 0.114662 0.103764 0.187778 0.109805 0.137769
0.013654 0.001767 0.019959 0.564867 0.077221 0.315301 0.007232
0.027378 0.002149 0.204842 0.020992 0.147218 0.126656 0.470765
0.369522 0.006719 0.143800 0.020795 0.396374 0.050354 0.012435
0.003105 0.000298 0.490184 0.006511 0.034357 0.020448 0.445096
0.000123 0.000006 0.004696 0.001085 0.000924 0.000154 0.993011
0.011749 0.000427 0.010919 0.050008 0.013073 0.156777 0.757046
0.725686 0.005457 0.119369 0.003678 0.022112 0.011930 0.111767
0.030188 0.001812 0.348192 0.379130 0.091927 0.032424 0.116327
0.020651 0.001967 0.187518 0.041103 0.126557 0.028018 0.594186
0.000563 0.000126 0.000202 0.986659 0.000072 0.011570 0.000808
0.027612 0.000807 0.448008 0.014518 0.457133 0.013365 0.038557
0.065241 0.003947 0.055287 0.002826 0.062509 0.101912 0.708279
0.291667 0.003554 0.496051 0.002359 0.002353 0.187978 0.016039
0.008901 0.006525 0.506995 0.001386 0.136304 0.319844 0.020045
0.001266 0.000337 0.027483 0.004239 0.003897 0.001968 0.960809
0.012476 0.000104 0.639758 0.006255 0.246747 0.028350 0.066312
0.214712 0.000493 0.010869 0.019993 0.106849 0.640187 0.006897
0.135222 0.003930 0.055967 0.092255 0.003623 0.058732 0.650270
0.054521 0.001766 0.441201 0.029879 0.027913 0.022973 0.421747
0.000831 0.000029 0.044914 0.018905 0.004230 0.001201 0.929892
0.002738 0.001310 0.014645 0.161503 0.006213 0.003110 0.810481
0.000075 0.000030 0.003128 0.000030 0.000415 0.000344 0.995977
0.000192 0.000018 0.000070 0.001304 0.000265 0.000036 0.998116
0.005989 0.005737 0.046913 0.003257 0.001715 0.067056 0.869334
0.001137 0.000091 0.015759 0.001141 0.000329 0.000396 0.981147
0.001614 0.000016 0.010591 0.008151 0.003534 0.002638 0.973456
0.013818 0.000929 0.061917 0.000743 0.763718 0.015736 0.143138
0.034092 0.001271 0.036492 0.000291 0.031204 0.019905 0.876746
0.052654 0.080598 0.112986 0.003071 0.014708 0.049822 0.686161
0.003901 0.006896 0.647425 0.000283 0.006492 0.161033 0.173970
0.143811 0.014126 0.007709 0.019120 0.376170 0.204669 0.234396
0.193066 0.052659 0.043063 0.031394 0.195297 0.163077 0.321444
0.003856 0.000418 0.006635 0.000494 0.002561 0.004079 0.981958
0.000749 0.000053 0.113363 0.001772 0.000480 0.001205 0.882377
0.014383 0.016714 0.685872 0.128863 0.095930 0.011760 0.046477
0.198525 0.000436 0.016730 0.006066 0.006754 0.001819 0.769670
0.349947 0.037630 0.125302 0.001820 0.046642 0.404175 0.034484
0.749582 0.000338 0.017440 0.001749 0.026578 0.034382 0.169932
0.000050 0.000028 0.011608 0.000093 0.000124 0.000092 0.988005
0.000021 0.000013 0.000687 0.001279 0.002028 0.000361 0.995611
0.003806 0.003838 0.114044 0.029886 0.025748 0.025752 0.796926
0.001266 0.000370 0.039228 0.831418 0.006156 0.011549 0.110012
0.059291 0.002442 0.036208 0.806963 0.042219 0.029224 0.023653
0.044987 0.021105 0.589752 0.003325 0.174529 0.114945 0.051357
0.026628 0.000276 0.595277 0.002603 0.052768 0.170159 0.152288
0.000969 0.000241 0.001835 0.005754 0.013002 0.000131 0.978069
0.000060 0.000002 0.003865 0.000886 0.005835 0.000557 0.988796
0.002428 0.000004 0.052203 0.011259 0.008334 0.003063 0.922707
0.053465 0.011834 0.023088 0.021419 0.085944 0.745175 0.059075
0.016703 0.002532 0.591754 0.026243 0.002305 0.005014 0.355450
0.016438 0.000333 0.030436 0.034578 0.021924 0.047033 0.849259
0.000408 0.000048 0.028854 0.000096 0.000313 0.000143 0.970139
0.064796 0.000161 0.782470 0.006189 0.004156 0.123079 0.019149
0.012916 0.000665 0.083504 0.000655 0.028606 0.091491 0.782163
0.000582 0.000184 0.835666 0.047828 0.000032 0.000746 0.114962
0.000616 0.001073 0.148011 0.000744 0.025779 0.013582 0.810195
0.010603 0.000031 0.028929 0.043625 0.097469 0.023475 0.795868
0.129854 0.000007 0.804640 0.012185 0.001651 0.019636 0.032026
0.000112 0.000013 0.006571 0.001821 0.007431 0.000737 0.983315
0.150869 0.001090 0.074074 0.028294 0.012359 0.051043 0.682271
0.012272 0.000818 0.034245 0.862803 0.013316 0.034540 0.042006
0.012076 0.000417 0.231922 0.020614 0.232435 0.315786 0.186751
0.000543 0.000170 0.006694 0.010246 0.008245 0.015809 0.958292
0.002523 0.000123 0.076307 0.002957 0.004426 0.001416 0.912248
0.028761 0.002623 0.061713 0.152551 0.024789 0.204291 0.525272
0.000214 0.012398 0.086728 0.002784 0.173794 0.658340 0.065742
0.024694 0.013692 0.389092 0.106663 0.026365 0.437998 0.001496
0.007632 0.000181 0.027538 0.163509 0.012649 0.011973 0.776519
0.014205 0.000947 0.048301 0.027259 0.832633 0.015416 0.061239
0.047675 0.003734 0.018871 0.001710 0.003118 0.026418 0.898475
0.000207 0.000495 0.039065 0.008514 0.004246 0.006891 0.940583
0.018488 0.001626 0.118135 0.000254 0.032230 0.013593 0.815674
0.000936 0.001516 0.049229 0.000621 0.003801 0.027240 0.916657
0.005287 0.000110 0.088768 0.001330 0.005089 0.001344 0.898073
0.017256 0.000851 0.464321 0.028417 0.028859 0.026390 0.433907
0.093794 0.001041 0.357271 0.000614 0.045019 0.080930 0.421330
0.078271 0.000301 0.011972 0.000455 0.898069 0.000514 0.010418
0.001005 0.000008 0.002978 0.000126 0.001253 0.000056 0.994574
0.877963 0.002682 0.018094 0.023065 0.012837 0.046348 0.019011
0.056231 0.000487 0.326145 0.020490 0.301580 0.285487 0.009580
0.043011 0.000545 0.006932 0.001431 0.002190 0.002188 0.943703
0.010531 0.000474 0.022040 0.144858 0.001254 0.001392 0.819452
0.002550 0.002146 0.354807 0.058068 0.237666 0.031284 0.313479
0.018794 0.001954 0.021995 0.002931 0.013856 0.021697 0.918775
0.040368 0.016434 0.667878 0.000189 0.035242 0.047021 0.192868
0.014117 0.001061 0.170190 0.308376 0.010133 0.220881 0.275241
0.001792 0.000127 0.016115 0.001089 0.004715 0.002639 0.973523
0.001956 0.000516 0.125932 0.052552 0.001609 0.004484 0.812951
0.018779 0.012654 0.189431 0.032442 0.569530 0.038056 0.139108
0.002187 0.000305 0.086725 0.088755 0.001963 0.004186 0.815878
0.002568 0.000912 0.262404 0.012634 0.087576 0.143557 0.490348
0.000884 0.002960 0.056127 0.278778 0.034954 0.072507 0.553791
0.042253 0.032673 0.059849 0.028638 0.304508 0.496955 0.035125
0.010442 0.000031 0.064908 0.000682 0.668328 0.022750 0.232859
0.007146 0.000072 0.000967 0.097959 0.003141 0.890505 0.000211
0.001571 0.000046 0.031994 0.084708 0.010273 0.001819 0.869588
0.001656 0.000103 0.002675 0.000112 0.002708 0.021393 0.971353
0.002561 0.007464 0.081325 0.031879 0.040855 0.145136 0.690780
0.110545 0.009541 0.013060 0.021688 0.145671 0.540452 0.159042
0.007833 0.002508 0.011249 0.072359 0.047771 0.097696 0.760584
0.452951 0.001522 0.041279 0.010763 0.008214 0.015381 0.469890
0.000226 0.000030 0.007993 0.000709 0.001822 0.000606 0.988614
0.100855 0.026995 0.489518 0.016931 0.025186 0.175295 0.165220
0.097626 0.006730 0.067617 0.068428 0.065398 0.164088 0.530114
0.001011 0.000296 0.037699 0.006049 0.000279 0.002213 0.952452
0.000929 0.001011 0.036809 0.002187 0.009471 0.010000 0.939593
0.022676 0.001001 0.316517 0.127752 0.019587 0.016175 0.496291
0.011534 0.000089 0.064103 0.647257 0.002027 0.023734 0.251255
0.014184 0.000041 0.174652 0.014198 0.062187 0.068562 0.666177
0.146757 0.008205 0.199563 0.025559 0.224985 0.064034 0.330897
0.001420 0.000104 0.019247 0.000233 0.000192 0.009760 0.969042
0.000086 0.000009 0.166308 0.003291 0.003500 0.001187 0.825619
0.000520 0.000120 0.085236 0.409412 0.368173 0.076404 0.060137
0.115797 0.005816 0.095206 0.474075 0.038586 0.045634 0.224885
0.003563 0.000103 0.088412 0.000016 0.000142 0.004649 0.903115
0.120408 0.003798 0.262399 0.027152 0.019659 0.072400 0.494184
0.718290 0.001924 0.075954 0.002063 0.019891 0.094691 0.087187
0.006024 0.000506 0.075504 0.460614 0.043274 0.139682 0.274396
0.042191 0.000929 0.005185 0.070281 0.010967 0.019880 0.850567
0.064538 0.000636 0.010628 0.003252 0.005635 0.006480 0.908831
0.001962 0.000029 0.014872 0.001828 0.098350 0.152146 0.730814
0.003437 0.000210 0.018455 0.019746 0.000535 0.001247 0.956371
0.007214 0.000273 0.056650 0.815061 0.020071 0.000810 0.099922
0.062668 0.005482 0.405841 0.003642 0.132306 0.364197 0.025864
0.013320 0.003156 0.142760 0.008448 0.001020 0.055035 0.776261
0.000368 0.000178 0.065906 0.002881 0.010523 0.001057 0.919086
0.064666 0.002283 0.133905 0.011210 0.034207 0.055323 0.698407
0.000019 0.000001 0.000636 0.000004 0.000005 0.000104 0.999230
0.000481 0.000004 0.113365 0.000042 0.027356 0.002562 0.856190
0.010273 0.000318 0.007983 0.000670 0.022581 0.013422 0.944754
0.145402 0.001126 0.352139 0.016048 0.041728 0.180434 0.263122
0.011394 0.000042 0.046229 0.003499 0.002045 0.004544 0.932247
0.091312 0.000510 0.086880 0.001316 0.320617 0.054858 0.444508
0.007054 0.000492 0.035481 0.125440 0.083699 0.074256 0.673578
0.157680 0.031536 0.385640 0.314858 0.073844 0.028409 0.008033
0.032290 0.000142 0.120602 0.001699 0.262994 0.076114 0.506159
0.007408 0.001414 0.028312 0.123609 0.089693 0.167081 0.582483
0.000224 0.000105 0.040608 0.002600 0.005031 0.000364 0.951067
0.000102 0.000032 0.003412 0.000482 0.001271 0.000362 0.994338
0.030552 0.013770 0.678421 0.007119 0.003251 0.086504 0.180384
0.077809 0.000896 0.330363 0.006057 0.112412 0.109056 0.363407
0.133528 0.005740 0.052353 0.154753 0.447289 0.074469 0.131868
0.004164 0.000660 0.204466 0.004994 0.001872 0.001131 0.782713
0.030930 0.001112 0.025299 0.002265 0.025768 0.096340 0.818285
0.112592 0.002318 0.028531 0.026648 0.032099 0.059669 0.738144
0.019872 0.000100 0.133796 0.000411 0.003517 0.006175 0.836129
0.000771 0.000454 0.934417 0.056801 0.001885 0.000666 0.005008
0.003779 0.000618 0.123420 0.029173 0.011987 0.011029 0.819995
0.000028 0.000133 0.016438 0.010893 0.004296 0.000537 0.967674
0.033342 0.000328 0.093120 0.522314 0.002440 0.002105 0.346351
0.024619 0.000533 0.041393 0.048930 0.176449 0.343560 0.364517
0.016110 0.000899 0.434119 0.043739 0.010236 0.023166 0.471731
0.036417 0.000429 0.613058 0.051689 0.127667 0.166519 0.004221
0.393507 0.105593 0.115277 0.125016 0.044181 0.214568 0.001858
0.079124 0.005547 0.255309 0.474386 0.014495 0.109504 0.061634
0.016076 0.011081 0.012630 0.883067 0.031451 0.041730 0.003965
0.008829 0.000792 0.871374 0.009127 0.030681 0.052704 0.026492
0.128645 0.007298 0.217419 0.030215 0.142164 0.202094 0.272166
0.024619 0.000533 0.041393 0.048930 0.176449 0.343560 0.364517
0.531678 0.022086 0.067880 0.098441 0.001863 0.034914 0.243136
0.035417 0.004383 0.666249 0.001723 0.002521 0.028841 0.260867
0.000342 0.000044 0.021831 0.162391 0.000439 0.011000 0.803952
0.009100 0.000115 0.094901 0.001892 0.001021 0.001161 0.891810
0.013967 0.000012 0.014097 0.016017 0.071963 0.017823 0.866121
0.001593 0.010640 0.622147 0.003388 0.022297 0.015634 0.324300
0.000848 0.000127 0.170752 0.488281 0.094651 0.026027 0.219314
0.000378 0.001035 0.021782 0.002401 0.000829 0.000573 0.973001
0.000286 0.000008 0.007526 0.000308 0.000135 0.000067 0.991670
0.043841 0.015794 0.108335 0.562608 0.008535 0.225034 0.035853
0.004063 0.000033 0.018331 0.008014 0.018466 0.032666 0.918426
0.011255 0.002576 0.033663 0.034693 0.015207 0.014630 0.887975
0.000243 0.000002 0.001552 0.000138 0.004006 0.062691 0.931368
0.019601 0.001169 0.930245 0.006399 0.001601 0.012021 0.028964
0.130307 0.003160 0.071312 0.446686 0.010105 0.029614 0.308815
0.000504 0.000024 0.512051 0.000057 0.002331 0.007436 0.477598
0.012584 0.001671 0.038284 0.009149 0.089660 0.222510 0.626143
0.015251 0.000514 0.298613 0.000287 0.428207 0.122917 0.134211
0.346651 0.005392 0.055023 0.020380 0.099465 0.253240 0.219848
0.052380 0.003729 0.009724 0.733369 0.000144 0.016592 0.184061
0.002098 0.000962 0.016523 0.000626 0.003618 0.012645 0.963528
