0.153854 0.041644 0.028999 0.639236 0.027139 0.108630 0.000498
0.123280 0.043798 0.261484 0.133162 0.029029 0.399192 0.010055
0.094168 0.312234 0.074670 0.345042 0.063521 0.067697 0.042668
0.100425 0.011275 0.242370 0.000124 0.038217 0.605395 0.002194
0.015031 0.010082 0.001343 0.945882 0.020382 0.007266 0.000015
0.029711 0.641597 0.004362 0.007064 0.114803 0.202356 0.000107
0.226936 0.003968 0.039160 0.000706 0.507243 0.218109 0.003878
0.327742 0.060471 0.408677 0.000756 0.106111 0.094933 0.001310
0.335666 0.067591 0.170754 0.075476 0.118374 0.208532 0.023607
0.015079 0.063318 0.013799 0.019395 0.039742 0.841301 0.007367
0.006198 0.888508 0.010828 0.000310 0.074626 0.017168 0.002362
0.005823 0.006495 0.009804 0.967979 0.000806 0.002802 0.006292
0.124052 0.240559 0.280626 0.079000 0.130274 0.071805 0.073684
0.289722 0.003330 0.035298 0.414255 0.067584 0.187253 0.002558
0.163300 0.004277 0.105333 0.023275 0.255560 0.360104 0.088151
0.053273 0.013797 0.217149 0.018977 0.242328 0.450789 0.003687
0.020200 0.291322 0.495571 0.005561 0.023392 0.151571 0.012382
0.080055 0.328730 0.105934 0.206852 0.106509 0.155265 0.016656
0.027876 0.001330 0.016700 0.004022 0.021700 0.925399 0.002974
0.192716 0.067193 0.191299 0.006175 0.026983 0.506433 0.009201
0.280454 0.001132 0.002851 0.000033 0.002123 0.713367 0.000041
0.044482 0.001886 0.026802 0.701226 0.127618 0.095160 0.002826
0.534888 0.010627 0.112857 0.231962 0.065636 0.043680 0.000350
0.342481 0.098636 0.051120 0.105385 0.321548 0.074540 0.006290
0.035678 0.026404 0.082161 0.009890 0.006895 0.827682 0.011289
0.021820 0.070200 0.646620 0.000962 0.003086 0.239950 0.017362
0.597993 0.040675 0.031166 0.057643 0.055695 0.209915 0.006914
0.013737 0.484300 0.164456 0.000364 0.005346 0.331624 0.000173
0.079771 0.046730 0.601669 0.027122 0.016150 0.227913 0.000644
0.057710 0.905235 0.028211 0.000963 0.004159 0.003361 0.000360
0.936332 0.045759 0.004418 0.000503 0.001164 0.011820 0.000002
0.597935 0.007276 0.219055 0.007662 0.014929 0.133673 0.019470
0.061156 0.566344 0.018188 0.173611 0.130454 0.050206 0.000042
0.032059 0.650649 0.004895 0.292733 0.012314 0.007241 0.000108
0.018679 0.488000 0.098436 0.202981 0.012950 0.022730 0.156223
0.107948 0.282043 0.018691 0.023542 0.022193 0.528034 0.017549
0.094436 0.703812 0.133153 0.038079 0.005596 0.024378 0.000545
0.030673 0.658767 0.227010 0.060728 0.004619 0.010587 0.007616
0.037003 0.001257 0.227750 0.239355 0.412049 0.060196 0.022390
0.502421 0.049494 0.041948 0.032627 0.092365 0.254155 0.026989
0.100027 0.126329 0.094171 0.007271 0.259265 0.403625 0.009313
0.114573 0.019872 0.471086 0.249229 0.015311 0.035888 0.094041
0.048012 0.000772 0.001066 0.128628 0.178073 0.643351 0.000098
0.128650 0.030388 0.332243 0.277624 0.038435 0.191742 0.000917
0.011262 0.049238 0.154493 0.065045 0.381993 0.112609 0.225360
0.013461 0.937142 0.011014 0.003189 0.011763 0.023222 0.000209
0.192051 0.075943 0.544966 0.063121 0.044047 0.067625 0.012247
0.050745 0.214193 0.554107 0.010038 0.005327 0.130679 0.034913
0.035745 0.013155 0.296349 0.007221 0.576893 0.065737 0.004900
0.118791 0.159842 0.232405 0.019738 0.029758 0.253346 0.186120
0.194601 0.153100 0.305186 0.206624 0.108891 0.023754 0.007845
0.328163 0.003504 0.600417 0.009292 0.011269 0.037568 0.009786
0.299026 0.013497 0.164898 0.011202 0.113372 0.385443 0.012563
0.031367 0.021974 0.055639 0.005076 0.125060 0.750423 0.010462
0.057710 0.905235 0.028211 0.000963 0.004159 0.003361 0.000360
0.081615 0.058945 0.014270 0.063296 0.224289 0.556627 0.000958
0.091584 0.150269 0.101750 0.000292 0.044595 0.601555 0.009954
0.147224 0.007569 0.167044 0.002401 0.007082 0.193017 0.475664
0.095847 0.014455 0.504163 0.033375 0.029709 0.268024 0.054426
0.087888 0.832504 0.005347 0.027869 0.020884 0.024793 0.000714
0.044239 0.238596 0.317525 0.189246 0.011573 0.193857 0.004964
0.722578 0.000683 0.241574 0.016836 0.001628 0.015604 0.001097
0.057938 0.126983 0.565075 0.030910 0.042163 0.151266 0.025666
0.040675 0.036439 0.201507 0.220554 0.286062 0.086631 0.128132
0.022218 0.663451 0.007103 0.188588 0.105764 0.012367 0.000508
0.106026 0.172818 0.014285 0.399011 0.059554 0.247873 0.000432
0.063702 0.744902 0.037465 0.072199 0.003396 0.064684 0.013653
0.584218 0.015675 0.183535 0.107037 0.076159 0.023488 0.009888
0.583086 0.008559 0.114357 0.009375 0.012911 0.268682 0.003030
0.011129 0.004249 0.013166 0.677710 0.008654 0.281545 0.003546
0.130461 0.028910 0.127135 0.001257 0.322754 0.356164 0.033318
0.021039 0.604317 0.217156 0.022300 0.011787 0.122866 0.000535
0.006153 0.000763 0.001917 0.091196 0.850390 0.049561 0.000021
0.185671 0.034783 0.081582 0.120438 0.023631 0.502273 0.051621
0.034913 0.794707 0.050813 0.006797 0.021737 0.084922 0.006112
0.913868 0.044341 0.014961 0.002551 0.006276 0.016977 0.001026
0.143913 0.356093 0.080415 0.004470 0.344669 0.067151 0.003289
0.287402 0.375803 0.044603 0.003338 0.006278 0.229829 0.052747
0.335666 0.067591 0.170754 0.075476 0.118374 0.208532 0.023607
0.050138 0.794353 0.020485 0.004147 0.022764 0.107800 0.000312
0.078051 0.082495 0.409850 0.200049 0.028190 0.196584 0.004780
0.057272 0.352756 0.070509 0.215383 0.103427 0.199174 0.001479
0.028459 0.484951 0.006547 0.005642 0.258531 0.215314 0.000555
0.720876 0.038483 0.084900 0.098175 0.013221 0.039469 0.004876
0.042501 0.287998 0.337203 0.030168 0.065232 0.145557 0.091340
0.294743 0.042847 0.310989 0.000441 0.002840 0.347754 0.000386
0.029178 0.052886 0.140613 0.732937 0.002132 0.038949 0.003304
0.256732 0.019680 0.119993 0.038097 0.042938 0.518159 0.004401
0.076871 0.012636 0.181204 0.000413 0.026668 0.701806 0.000402
0.121408 0.172693 0.062010 0.317440 0.204748 0.121195 0.000506
0.190698 0.040387 0.055038 0.274283 0.049297 0.390177 0.000120
0.351971 0.042874 0.046306 0.268020 0.005405 0.285274 0.000149
0.034812 0.000304 0.192584 0.002230 0.069680 0.032413 0.667977
0.065028 0.073560 0.582642 0.053033 0.113964 0.108335 0.003437
0.053404 0.814202 0.022094 0.004082 0.050586 0.052574 0.003058
0.019830 0.052355 0.062787 0.013427 0.131843 0.719391 0.000367
0.116596 0.132200 0.005117 0.368584 0.195943 0.180303 0.001256
0.162869 0.055698 0.490950 0.067859 0.016432 0.204908 0.001284
0.077777 0.053345 0.205174 0.004636 0.085257 0.523768 0.050043
0.044267 0.833628 0.031441 0.000850 0.007058 0.081994 0.000762
0.714162 0.078406 0.025434 0.032994 0.002499 0.146418 0.000087
0.132853 0.304164 0.153348 0.338071 0.037649 0.022477 0.011439
0.244397 0.035212 0.067399 0.014848 0.260755 0.374681 0.002708
0.111321 0.403132 0.053204 0.102982 0.046589 0.264509 0.018262
0.577570 0.004564 0.100629 0.001370 0.018100 0.293993 0.003774
0.218696 0.367241 0.072890 0.025677 0.070989 0.244417 0.000089
0.369595 0.146311 0.223397 0.035234 0.020487 0.188003 0.016973
0.062552 0.044987 0.118075 0.602981 0.002138 0.156419 0.012848
0.365645 0.134401 0.119442 0.042948 0.007701 0.329008 0.000854
0.014831 0.441906 0.038735 0.412022 0.025422 0.066043 0.001041
0.023463 0.245045 0.637922 0.032964 0.001699 0.045829 0.013078
